7 20 40 5 1 0         
0 0 0 510 930 0 1 1 1 1 1 1 1 1 80
1 0 0 450 780 0 1 1 1 1 1 1 1 1 80
2 0 0 480 1020 0 1 1 1 1 1 1 1 1 80
3 0 0 480 1020 0 1 1 1 1 1 1 1 1 80
4 0 0 390 840 0 1 1 1 1 1 1 1 1 80
5 0 0 390 900 0 1 1 1 1 1 1 1 1 80
6 0 0 480 900 0 1 1 1 1 1 1 1 1 80
7 0 0 420 1020 0 1 1 1 1 1 1 1 1 80
8 0 0 480 990 0 1 1 1 1 1 1 1 1 80
9 0 0 390 900 0 1 1 1 1 1 1 1 1 80
10 0 0 510 1020 0 1 1 1 1 1 1 1 1 80
11 0 0 540 960 0 1 1 1 1 1 1 1 1 80
12 0 0 510 1020 0 1 1 1 1 1 1 1 1 80
13 0 0 420 990 0 1 1 1 1 1 1 1 1 80
14 0 0 390 900 0 1 1 1 1 1 1 1 1 80
15 0 0 390 900 0 1 1 1 1 1 1 1 1 80
16 0 0 510 1020 0 1 1 1 1 1 1 1 1 80
17 0 0 390 900 0 1 1 1 1 1 1 1 1 80
18 0 0 510 1020 0 1 1 1 1 1 1 1 1 80
19 0 0 480 1020 0 1 1 1 1 1 1 1 1 80
20 0 0 720 1020 90 0 1 1 0 1 1 1 1 1
21 0 0 480 720 120 0 0 1 1 1 1 1 1 1
22 0 0 720 1020 60 1 1 1 0 0 1 1 1 1
23 0 0 720 1020 120 0 0 1 0 1 0 1 1 1
24 0 0 480 720 60 1 0 1 1 0 1 1 1 1
25 0 0 480 720 60 0 1 1 1 0 1 1 1 1
26 0 0 480 720 90 1 0 1 1 1 1 0 1 1
27 0 0 720 1020 60 1 0 1 1 0 1 1 1 1
28 0 0 720 1020 120 0 0 0 1 0 0 0 1 1
29 0 0 720 1020 90 1 0 1 1 1 1 0 1 1
30 0 0 480 720 120 0 1 1 0 1 1 1 1 1
31 0 0 720 1020 90 0 1 1 1 0 1 1 1 1
32 0 0 480 720 60 0 1 0 0 1 0 1 1 1
33 0 0 720 1020 120 1 1 1 1 1 0 0 1 1
34 0 0 480 720 120 1 0 1 1 1 1 0 1 1
35 0 0 720 1020 90 1 0 0 1 0 1 0 1 1
36 0 0 480 720 90 1 0 1 0 0 0 1 1 1
37 0 0 720 1020 120 1 1 1 1 1 0 0 1 1
38 0 0 480 720 90 1 1 0 1 1 0 1 1 1
39 0 0 720 1020 60 0 1 1 1 1 0 1 1 1
40 0 0 480 720 60 1 1 1 0 0 1 1 1 1
41 0 0 720 1020 120 1 0 1 1 1 1 0 1 1
42 0 0 480 720 120 1 0 1 0 1 1 1 1 1
43 0 0 720 1020 60 1 1 1 0 1 0 1 1 1
44 0 0 720 1020 90 1 0 1 1 0 1 1 1 1
45 0 0 480 720 120 0 0 1 1 1 1 1 1 1
46 0 0 480 720 60 1 0 0 1 0 0 1 1 1
47 0 0 720 1020 90 0 1 1 1 1 0 1 1 1
48 0 0 480 720 90 1 0 1 1 1 1 0 1 1
49 0 0 720 1020 60 1 1 0 1 1 1 0 1 1
50 0 0 720 1020 120 0 1 1 1 1 1 0 1 1
51 0 0 480 720 60 1 0 0 0 0 1 0 1 1
52 0 0 720 1020 60 1 1 1 1 0 0 1 1 1
53 0 0 480 720 90 1 1 0 1 0 1 1 1 1
54 0 0 480 720 120 1 0 0 1 0 1 0 1 1
55 0 0 480 720 90 1 1 0 1 0 1 1 1 1
56 0 0 720 1020 60 1 1 0 1 1 0 1 1 1
57 0 0 720 1020 120 0 1 1 1 1 0 1 1 1
58 0 0 480 720 120 1 1 1 1 0 1 0 1 1
59 0 0 720 1020 60 0 1 1 1 1 0 1 1 1
