1 9 50 1 1 480
       0     29     22     43     47     49     44     42     41     58     54     64     47      9     29     40     29     35     17     52     52     18     47     35     48     47     42     28     41     58     50     34     14     44     42     45     43     21     53     35     48     56     23     17     19     26      3     53     53     35     27      0    
      29      0     21     64     43     35     54     70     65     76     45     47     18     33     52     32     58     60     42     75     34     47     74     27     45     60     53     13     27     45     75      8     34     70     15     67     62     15     46     64     72     77      6     39     47     47     30     31     32     64     27     29    
      22     21      0     44     27     27     62     63     63     54     32     42     38     30     51     18     48     42     39     56     55     35     68     43     60     66     31     30     46     64     56     19     34     66     36     67     64     26     63     54     71     78     18     39     32     27     25     32     53     56      7     22    
      43     64     44      0     46     59     82     51     64     16     54     72     82     49     61     50     40     12     49     13     94     33     59     78     90     83     23     69     84    101     15     64     53     62     79     71     73     63     96     42     72     81     60     54     27     17     44     71     94     48     40     43    
      47     43     27     46      0     15     89     83     87     49      8     25     53     56     77     11     68     51     64     59     77     56     90     68     86     93     24     55     70     88     61     36     61     89     55     92     90     53     88     74     95    103     43     65     50     37     50     28     73     77     20     47    
      49     35     27     59     15      0     87     89     90     63     12     15     41     57     78      9     74     61     66     72     66     61     95     62     80     92     38     48     62     79     74     27     61     93     44     94     91     48     81     80     98    105     37     66     57     46     52     13     62     82     23     49    
      44     54     62     82     89     87      0     48     31     98     95    101     62     35     23     81     47     71     32     87     46     48     45     31     22      6     86     42     38     41     83     63     30     38     55     26     19     39     30     50     31     31     50     28     55     69     41     86     51     44     69     44    
      42     70     63     51     83     89     48      0     17     67     91    104     87     37     26     79     14     40     28     50     84     27      8     65     66     44     67     65     73     84     45     76     37     12     81     25     30     59     74      9     23     31     64     33     32     48     40     95     87      6     65     42    
      41     65     63     64     87     90     31     17      0     80     94    105     80     33     13     81     24     52     24     65     72     32     13     53     51     27     76     57     61     70     60     72     30      7     73      7     12     51     59     23      8     17     59     25     39     56     38     94     75     17     67     41    
      58     76     54     16     49     63     98     67     80      0     56     74     92     64     77     55     56     28     66     19    108     50     75     92    106     99     25     82     98    116     24     74     69     78     91     87     89     77    111     58     88     97     72     70     43     31     60     76    107     64     49     58    
      54     45     32     54      8     12     95     91     94     56      0     18     53     63     84     14     76     59     71     67     78     63     98     72     90     99     31     58     72     90     69     38     67     96     56     99     97     57     91     82    102    110     47     71     58     45     57     24     74     85     26     54    
      64     47     42     72     25     15    101    104    105     74     18      0     49     73     94     25     90     76     81     85     76     77    111     74     92    106     49     60     73     89     87     39     76    108     54    109    106     61     92     96    113    120     51     81     73     61     67     17     71     98     39     64    
      47     18     38     82     53     41     62     87     80     92     53     49      0     50     66     42     75     78     58     93     27     65     90     31     47     69     68     22     26     40     93     18     50     85      7     80     75     28     45     81     85     90     24     55     65     64     48     32     22     80     43     47    
       9     33     30     49     56     57     35     37     33     64     63     73     50      0     21     49     26     39      9     56     50     18     41     32     41     38     51     29     39     54     53     39      5     37     44     36     34     22     48     32     40     47     27      8     22     34      6     60     52     30     36      9    
      29     52     51     61     77     78     23     26     13     77     84     94     66     21      0     70     24     49     13     64     59     27     26     40     40     22     69     43     48     58     60     59     17     20     59     15     13     38     48     27     19     26     46     12     34     50     26     81     62     21     57     29    
      40     32     18     50     11      9     81     79     81     55     14     25     42     49     70      0     65     52     57     63     65     52     86     58     76     85     29     44     59     77     64     25     53     84     44     86     83     43     77     71     89     97     33     58     48     37     43     21     62     73     14     40    
      29     58     48     40     68     74     47     14     24     56     76     90     75     26     24     65      0     28     18     41     76     12     21     57     62     46     53     55     64     78     37     63     27     22     70     31     34     48     69      6     32     41     51     24     18     34     27     81     78      8     51     29    
      35     60     42     12     51     61     71     40     52     28     59     76     78     39     49     52     28      0     38     17     87     22     48     70     81     71     30     63     77     93     15     61     44     50     74     59     61     56     87     30     60     69     55     44     17     15     36     72     88     36     40     35    
      17     42     39     49     64     66     32     28     24     66     71     81     58      9     13     57     18     38      0     55     57     16     31     38     44     33     56     37     45     59     51     49      9     28     52     28     26     30     51     24     31     39     36      5     22     37     14     70     59     22     44     17    
      52     75     56     13     59     72     87     50     65     19     67     85     93     56     64     63     41     17     55      0    104     39     58     87     98     87     35     79     94    110      5     76     60     61     91     72     75     73    104     41     72     81     71     60     33     29     53     84    104     48     53     52    
      52     34     55     94     77     66     46     84     72    108     78     76     27     50     59     65     76     87     57    104      0     69     85     19     25     53     86     25     11     13    103     40     48     79     22     70     63     31     20     81     75     77     36     51     72     77     52     59      5     78     61     52    
      18     47     35     33     56     61     48     27     32     50     63     77     65     18     27     52     12     22     16     39     69      0     34     50     59     49     43     45     57     73     36     51     22     33     60     39     40     38     66     18     41     50     41     21      7     23     17     68     70     21     38     18    
      47     74     68     59     90     95     45      8     13     75     98    111     90     41     26     86     21     48     31     58     85     34      0     66     65     41     75     68     74     83     53     81     40      6     84     20     26     61     73     17     17     24     68     35     39     55     44    100     88     13     72     47    
      35     27     43     78     68     62     31     65     53     92     72     74     31     32     40     58     57     70     38     87     19     50     66      0     18     38     73     14      8     23     85     35     29     60     24     52     46     16     19     62     57     60     25     32     54     61     34     57     22     59     50     35    
      48     45     60     90     86     80     22     66     51    106     90     92     47     41     40     76     62     81     44     98     25     59     65     18      0     28     89     32     20     19     95     53     37     59     40     48     41     33      8     66     53     53     43     38     64     74     46     75     31     62     67     48    
      47     60     66     83     93     92      6     44     27     99     99    106     69     38     22     85     46     71     33     87     53     49     41     38     28      0     89     48     44     47     83     68     33     34     62     21     14     45     36     48     25     25     55     30     56     70     44     91     58     42     73     47    
      42     53     31     23     24     38     86     67     76     25     31     49     68     51     69     29     53     30     56     35     86     43     75     73     89     89      0     61     77     96     38     50     56     76     67     82     82     57     93     58     84     93     50     59     36     19     45     50     84     62     25     42    
      28     13     30     69     55     48     42     65     57     82     58     60     22     29     43     44     55     63     37     79     25     45     68     14     32     48     61      0     16     34     78     21     28     63     15     58     53      7     33     61     63     68     11     32     47     52     28     44     25     59     37     28    
      41     27     46     84     70     62     38     73     61     98     72     73     26     39     48     59     64     77     45     94     11     57     74      8     20     44     77     16      0     18     92     35     37     68     20     60     53     21     19     70     65     68     27     40     60     67     41     56     14     67     53     41    
      58     45     64    101     88     79     41     84     70    116     90     89     40     54     58     77     78     93     59    110     13     73     83     23     19     47     96     34     18      0    108     52     51     77     35     67     60     39     11     83     72     72     46     53     77     84     57     72     18     79     72     58    
      50     75     56     15     61     74     83     45     60     24     69     87     93     53     60     64     37     15     51      5    103     36     53     85     95     83     38     78     92    108      0     76     58     56     90     68     71     71    101     37     67     76     70     57     31     29     51     85    103     43     54     50    
      34      8     19     64     36     27     63     76     72     74     38     39     18     39     59     25     63     61     49     76     40     51     81     35     53     68     50     21     35     52     76      0     42     77     18     75     70     23     54     69     79     85     13     47     50     47     36     23     37     69     24     34    
      14     34     34     53     61     61     30     37     30     69     67     76     50      5     17     53     27     44      9     60     48     22     40     29     37     33     56     28     37     51     58     42      0     35     44     33     30     21     44     33     37     44     28      5     27     39     11     63     50     31     40     14    
      44     70     66     62     89     93     38     12      7     78     96    108     85     37     20     84     22     50     28     61     79     33      6     60     59     34     76     63     68     77     56     77     35      0     79     13     19     57     67     20     11     19     64     30     39     56     41     97     82     14     70     44    
      42     15     36     79     55     44     55     81     73     91     56     54      7     44     59     44     70     74     52     91     22     60     84     24     40     62     67     15     20     35     90     18     44     79      0     73     68     22     39     76     78     83     19     48     61     62     43     37     18     74     42     42    
      45     67     67     71     92     94     26     25      7     87     99    109     80     36     15     86     31     59     28     72     70     39     20     52     48     21     82     58     60     67     68     75     33     13     73      0      7     53     56     31      5     11     61     28     46     62     42     97     74     24     72     45    
      43     62     64     73     90     91     19     30     12     89     97    106     75     34     13     83     34     61     26     75     63     40     26     46     41     14     82     53     53     60     71     70     30     19     68      7      0     48     49     34     12     15     57     25     47     63     39     93     67     28     70     43    
      21     15     26     63     53     48     39     59     51     77     57     61     28     22     38     43     48     56     30     73     31     38     61     16     33     45     57      7     21     39     71     23     21     57     22     53     48      0     36     54     57     63     10     26     40     46     21     46     31     52     34     21    
      53     46     63     96     88     81     30     74     59    111     91     92     45     48     48     77     69     87     51    104     20     66     73     19      8     36     93     33     19     11    101     54     44     67     39     56     49     36      0     74     61     61     45     45     70     80     51     75     26     70     70     53    
      35     64     54     42     74     80     50      9     23     58     82     96     81     32     27     71      6     30     24     41     81     18     17     62     66     48     58     61     70     83     37     69     33     20     76     31     34     54     74      0     30     39     58     29     23     38     33     87     83      6     57     35    
      48     72     71     72     95     98     31     23      8     88    102    113     85     40     19     89     32     60     31     72     75     41     17     57     53     25     84     63     65     72     67     79     37     11     78      5     12     57     61     30      0      9     66     32     48     64     45    101     79     24     75     48    
      56     77     78     81    103    105     31     31     17     97    110    120     90     47     26     97     41     69     39     81     77     50     24     60     53     25     93     68     68     72     76     85     44     19     83     11     15     63     61     39      9      0     72     39     56     73     53    107     81     33     83     56    
      23      6     18     60     43     37     50     64     59     72     47     51     24     27     46     33     51     55     36     71     36     41     68     25     43     55     50     11     27     46     70     13     28     64     19     61     57     10     45     58     66     72      0     33     41     42     24     36     34     57     25     23    
      17     39     39     54     65     66     28     33     25     70     71     81     55      8     12     58     24     44      5     60     51     21     35     32     38     30     59     32     40     53     57     47      5     30     48     28     25     26     45     29     32     39     33      0     27     41     14     68     54     27     44     17    
      19     47     32     27     50     57     55     32     39     43     58     73     65     22     34     48     18     17     22     33     72      7     39     54     64     56     36     47     60     77     31     50     27     39     61     46     47     40     70     23     48     56     41     27      0     16     19     65     72     26     34     19    
      26     47     27     17     37     46     69     48     56     31     45     61     64     34     50     37     34     15     37     29     77     23     55     61     74     70     19     52     67     84     29     47     39     56     62     62     63     46     80     38     64     73     42     41     16      0     29     56     76     42     25     26    
       3     30     25     44     50     52     41     40     38     60     57     67     48      6     26     43     27     36     14     53     52     17     44     34     46     44     45     28     41     57     51     36     11     41     43     42     39     21     51     33     45     53     24     14     19     29      0     56     53     33     30      3    
      53     31     32     71     28     13     86     95     94     76     24     17     32     60     81     21     81     72     70     84     59     68    100     57     75     91     50     44     56     72     85     23     63     97     37     97     93     46     75     87    101    107     36     68     65     56     56      0     54     88     32     53    
      53     32     53     94     73     62     51     87     75    107     74     71     22     52     62     62     78     88     59    104      5     70     88     22     31     58     84     25     14     18    103     37     50     82     18     74     67     31     26     83     79     81     34     54     72     76     53     54      0     81     59     53    
      35     64     56     48     77     82     44      6     17     64     85     98     80     30     21     73      8     36     22     48     78     21     13     59     62     42     62     59     67     79     43     69     31     14     74     24     28     52     70      6     24     33     57     27     26     42     33     88     81      0     59     35    
      27     27      7     40     20     23     69     65     67     49     26     39     43     36     57     14     51     40     44     53     61     38     72     50     67     73     25     37     53     72     54     24     40     70     42     72     70     34     70     57     75     83     25     44     34     25     30     32     59     59      0     27    
       0     29     22     43     47     49     44     42     41     58     54     64     47      9     29     40     29     35     17     52     52     18     47     35     48     47     42     28     41     58     50     34     14     44     42     45     43     21     53     35     48     56     23     17     19     26      3     53     53     35     27      0   
  
      28     32     43     71     70     65     21     52     40     86     74     79     42     22     27     60     45     62     26     79     32     40     53     13     19     27     70     20     21     33     76     41     18     47     35     39     33     18     25     50     44     48     28     20     45     55     26     64     35     46     50     28    
      30     34     45     73     72     67     20     53     41     89     76     81     42     24     28     62     47     64     28     81     31     42     54     12     17     26     72     21     20     31     78     42     20     48     35     39     33     19     23     51     44     48     30     22     47     57     28     65     34     48     52     30    
      47     73     56     17     63     75     79     40     55     28     71     88     92     50     56     65     32     14     48     10    100     32     48     82     92     78     40     76     89    105      5     75     54     51     88     63     66     69     98     32     62     71     68     53     28     29     48     85    101     38     54     47    
      55     75     54     12     52     66     94     61     74      6     59     77     92     61     72     57     50     23     61     12    106     45     69     90    103     94     28     81     96    113     17     74     66     72     90     82     84     75    108     52     82     91     71     66     39     29     57     78    105     58     49     55    
      19     21     30     62     57     53     34     53     45     76     61     67     34     17     31     47     43     54     25     71     34     35     56     16     30     39     58     12     22     39     69     29     16     51     28     46     41      6     34     49     51     56     16     20     38     45     18     52     35     47     37     19    
      64     51     70    107     94     84     44     88     73    121     96     94     45     60     62     83     83     99     64    116     18     78     87     29     22     50    102     40     24      5    114     57     56     81     40     70     63     45     14     87     75     75     51     58     82     90     63     77     23     83     77     64    
      13     29     13     35     35     38     57     50     52     48     42     54     47     22     42     29     35     30     29     46     59     23     56     44     59     60     30     34     49     67     45     31     27     54     44     57     55     28     63     41     60     68     24     30     19     18     16     45     58     43     15     13    
      24     25     36     67     63     58     29     55     45     82     67     72     35     21     31     53     46     59     27     76     30     39     56     11     24     35     65     13     18     34     74     33     18     51     28     45     39     10     28     51     50     54     20     22     43     51     23     56     32     49     43     24    
      63     49     69    106     92     82     45     89     74    121     94     92     43     59     62     81     83     98     64    115     16     78     88     28     23     51    100     39     23      5    113     56     56     81     38     71     64     44     15     88     76     76     50     58     82     89     62     75     21     84     76     63   
    27   15   17   25   15   25   22   17   26   
30   20   15   21   17   27   29   25   20   18   
25   22   16   16   22   15   17   20   25   27   
24   30   30   22   23   19   17   30   24   29   
21   23   23   24   16   23   19   23   28   27   
17   
       391   424        123   203         90   168        349   408         49   123        267   349         42   109        368   422        163   251     
   292   372        312   394        163   235        163   249        199   287         87   149        285   373        135   221        310   370        315   395     
   195   281        335   421        121   209        102   170        371   410        334   402        100   184         97   167        257   335        368   395     
   328   406        264   338        151   221        277   359         42   89        104   166        335   413         47   135        161   235        282   342     
    94   162         56   115        135   201         17   68        285   355        238   322        367   455        305   365         89   149        294   362     
    97   181      
