1 5 30 1 1 480
 0  23  20  33  18  13  46  56  25  39  23  53  36  44  39  50  38  26  49  49  50  45  28  37  29  50  46  44  55  51  30   0 
 23   0  28  48  12  17  24  74  48  60  36  35  45  37  30  69  50  46  54  71  51  64  32  22  14  73  68  25  74  53  53  23 
 20  28   0  20  31  12  41  73  27  35  43  43  56  61  25  68  21  21  69  63  30  63   8  49  24  57  58  53  47  70  42  20 
 33  48  20   0  49  31  61  74  19  17  52  61  66  77  41  69   9  11  80  60  31  65  21  68  44  46  54  73  27  84  40  33 
 18  12  31  49   0  19  37  63  43  57  24  48  32  29  41  57  53  44  42  60  58  52  38  19  25  66  59  26  73  42  44  18 
 13  17  12  31  19   0  35  69  32  43  34  41  47  49  26  63  33  29  59  62  39  58  18  37  17  60  58  41  57  60  42  13 
 46  24  41  61  37  35   0  99  66  76  61  14  69  55  24  94  58  62  76  95  49  89  40  38  17  95  92  33  88  74  76  46 
 56  74  73  74  63  69  99   0  55  65  38 109  36  63  96   5  84  63  41  17 102  10  81  72  85  41  24  82  78  49  34  56 
 25  48  27  19  43  32  66  55   0  14  38  70  51  68  52  50  29   8  65  41  49  46  32  62  49  30  34  70  31  70  21  25 
 39  60  35  17  57  43  76  65  14   0  53  77  66  83  57  60  26  14  80  49  48  57  37  76  59  30  42  83  16  85  32  39 
 23  36  43  52  24  34  61  38  38  53   0  72  13  33  61  32  60  43  27  38  73  28  51  35  48  49  38  45  69  32  27  23 
 53  35  43  61  48  41  14 109  70  77  72   0  80  69  20 103  56  64  89 103  42  98  40  52  24 100  99  47  87  87  83  53 
 36  45  56  66  32  47  69  36  51  66  13  80   0  27  72  31  74  57  13  42  86  28  64  36  58  58  44  46  82  19  38  36 
 44  37  61  77  29  49  55  63  68  83  33  69  27   0  68  59  82  70  25  69  88  55  67  17  51  82  70  25  99  20  60  44 
 39  30  25  41  41  26  24  96  52  57  61  20  72  68   0  90  36  45  83  87  25  85  20  52  16  82  83  51  67  83  67  39 
 50  69  68  69  57  63  94   5  50  60  32 103  31  59  90   0  78  58  38  15  96   5  75  67  79  38  21  77  74  46  29  50 
 38  50  21   9  53  33  58  84  29  26  60  56  74  82  36  78   0  20  87  70  21  74  18  71  43  56  63  75  31  90  50  38 
 26  46  21  11  44  29  62  63   8  14  43  64  57  70  45  58  20   0  71  49  40  54  25  63  45  37  43  69  29  75  29  26 
 49  54  69  80  42  59  76  41  65  80  27  89  13  25  83  38  87  71   0  51  98  36  76  40  68  70  55  49  96   8  50  49 
 49  71  63  60  60  62  95  17  41  49  38 103  42  69  87  15  70  49  51   0  89  15  71  73  79  23   7  83  60  59  21  49 
 50  51  30  31  58  39  49 102  49  48  73  42  86  88  25  96  21  40  98  89   0  91  22  73  39  77  84  74  51 100  69  50 
 45  64  63  65  52  58  89  10  46  57  28  98  28  55  85   5  74  54  36  15  91   0  71  62  74  37  20  73  71  43  25  45 
 28  32   8  21  38  18  40  81  32  37  51  40  64  67  20  75  18  25  76  71  22  71   0  54  24  62  65  57  48  78  49  28 
 37  22  49  68  19  37  38  72  62  76  35  52  36  17  52  67  71  63  40  73  73  62  54   0  35  83  73  10  92  36  61  37 
 29  14  24  44  25  17  17  85  49  59  48  24  58  51  16  79  43  45  68  79  39  74  24  35   0  78  76  35  71  67  59  29 
 50  73  57  46  66  60  95  41  30  30  49 100  58  82  82  38  56  37  70  23  77  37  62  83  78   0  17  92  39  77  22  50 
 46  68  58  54  59  58  92  24  34  42  38  99  44  70  83  21  63  43  55   7  84  20  65  73  76  17   0  83  53  62  16  46 
 44  25  53  73  26  41  33  82  70  83  45  47  46  25  51  77  75  69  49  83  74  73  57  10  35  92  83   0  98  44  70  44 
 55  74  47  27  73  57  88  78  31  16  69  87  82  99  67  74  31  29  96  60  51  71  48  92  71  39  53  98   0 101  46  55 
 51  53  70  84  42  60  74  49  70  85  32  87  19  20  83  46  90  75   8  59 100  43  78  36  67  77  62  44 101   0  57  51 
 30  53  42  40  44  42  76  34  21  32  27  83  38  60  67  29  50  29  50  21  69  25  49  61  59  22  16  70  46  57   0  30 
 0  23  20  33  18  13  46  56  25  39  23  53  36  44  39  50  38  26  49  49  50  45  28  37  29  50  46  44  55  51  30   0  
 
 56  43  41  55  55  43  26 113  68  72  77  14  87  80  17 107  48  61  97 104  31 102  36  63  29  98 100  59  80  96  84  56 
 28  49  44  46  39  41  73  29  27  40  19  82  28  52  67  24  55  35  41  21  72  19  52  54  58  30  19  63  55  48   9  28 
 26  23  12  31  31  14  30  83  39  46  49  31  61  60  13  77  28  33  73  74  27  72  10  46  14  69  70  48  58  73  53  26 
 32  21  46  64  14  34  40  66  57  72  29  54  31  16  51  61  68  58  36  67  72  56  52   6  35  77  67  16  87  33  55  32 
 42  51  24  15  56  36  57  89  34  31  64  54  78  85  34  83   5  25  91  75  17  79  19  73  43  61  69  76  35  94  55  42  


21  29  18  29  18  15  19  26  22  
26  29  16  22  23  23  26  26  21  27  
26  16  21  24  17  23  28  17  24  20  
20
23  75    20  75   216  294   362  433   254  324   366  419   352  405   316  378    39  61  
  104  174   364  398   204  270   369  414   226  310   272  358   166  226   340  428    81  161   192  254  
  166  244   303  363    80  152    80  168    68  144   268  350    89  149   268  336   267  327    87  173  
  334  398  
