1 7 40 1 1 480
       0     52     47     40     65     53     34     21     27     51     26     44     46     38     22     16     18     39     47     59     60     49     21     16      5     56     56     45     23     20     51     39     67     46     34     18     33     42     27     40     35      0    
      52      0     95     73     75     45     43     31     60     12     71     18     10     30     42     66     70     84     89     85     24    101     36     50     57     88     78     92     51     62     71     13     23     98     43     46     71     94     64     93     87     52    
      47     95      0     72    104     99     57     64     37     96     52     91     86     70     68     31     40     55     16     42     94     23     68     44     43     34     46     54     45     32     88     81    104     32     80     64     27     34     62     22     19     47    
      40     73     72      0     33     43     73     52     67     65     19     57     73     74     32     48     33     21     80     98     90     60     39     57     38     93     96     29     64     59     17     65     95     50     32     30     71     45     13     53     53     40    
      65     75    104     33      0     30     92     66     92     63     51     57     79     87     46     76     64     53    110    124     97     93     52     80     65    121    121     61     86     85     15     72     98     83     36     48     98     78     42     86     86     65    
      53     45     99     43     30      0     70     45     76     33     53     27     51     62     30     68     61     62    101    109     68     95     33     63     55    108    103     71     69     72     32     44     68     87     18     35     85     82     42     87     84     53    
      34     43     57     73     92     70      0     25     20     50     60     48     33     14     46     38     50     72     48     42     36     71     39     18     38     45     35     78     13     27     81     31     46     73     56     45     30     70     60     64     57     34    
      21     31     64     52     66     45     25      0     33     32     43     27     25     22     21     35     39     57     61     64     40     70     14     21     27     64     58     64     25     33     57     18     47     67     30     22     43     63     40     61     56     21    
      27     60     37     67     92     76     20     33      0     64     50     60     50     33     47     23     38     61     29     32     56     52     43     13     29     31     28     65      9     10     79     47     66     55     59     44     11     53     54     45     38     27    
      51     12     96     65     63     33     50     32     64      0     66      7     21     38     36     66     67     78     93     92     36    100     32     53     56     94     86     87     55     65     61     18     35     96     33     40     75     91     57     91     86     51    
      26     71     52     19     51     53     60     43     50     66      0     58     68     63     30     29     13     13     60     79     84     42     34     42     22     74     78     21     49     41     36     60     90     34     37     25     52     29     11     35     34     26    
      44     18     91     57     57     27     48     27     60      7     58      0     23     38     28     60     60     70     88     90     41     93     25     48     49     91     84     79     51     60     54     18     41     89     25     33     71     84     50     85     80     44    
      46     10     86     73     79     51     33     25     50     21     68     23      0     19     41     59     65     81     79     75     18     94     34     41     52     78     67     89     41     54     74      8     21     93     45     44     61     89     63     86     80     46    
      38     30     70     74     87     62     14     22     33     38     63     38     19      0     43     47     56     77     62     55     23     82     36     27     43     59     48     83     25     38     79     20     33     82     51     44     44     79     61     74     67     38    
      22     42     68     32     46     30     46     21     47     36     30     28     41     43      0     37     32     42     70     80     58     67      7     34     25     78     75     50     41     42     35     32     63     61     12      5     55     56     22     58     55     22    
      16     66     31     48     76     68     38     35     23     66     29     60     59     47     37      0     15     38     33     50     70     35     37     20     12     45     49     42     25     13     62     53     79     35     50     33     23     32     35     27     21     16    
      18     70     40     33     64     61     50     39     38     67     13     60     65     56     32     15      0     23     47     66     78     34     34     31     13     61     65     27     38     28     48     57     86     29     43     27     39     24     21     26     23     18    
      39     84     55     21     53     62     72     57     61     78     13     70     81     77     42     38     23      0     66     88     97     40     47     54     34     82     87      8     61     51     38     73    103     29     47     38     61     25     20     35     36     39    
      47     89     16     80    110    101     48     61     29     93     60     88     79     62     70     33     47     66      0     26     84     39     68     40     46     18     30     66     38     28     95     76     95     47     82     66     18     48     68     36     31     47    
      59     85     42     98    124    109     42     64     32     92     79     90     75     55     80     50     66     88     26      0     74     65     75     45     60      8      8     89     39     39    111     74     85     73     92     77     27     73     85     62     56     59    
      60     24     94     90     97     68     36     40     56     36     84     41     18     23     58     70     78     97     84     74      0    105     51     51     65     78     66    104     48     62     92     26     11    105     63     61     67    102     79     97     91     60    
      49    101     23     60     93     95     71     70     52    100     42     93     94     82     67     35     34     40     39     65    105      0     68     54     44     57     68     35     58     43     77     88    114     11     77     61     45     15     53      8     14     49    
      21     36     68     39     52     33     39     14     43     32     34     25     34     36      7     37     34     47     68     75     51     68      0     30     25     74     70     55     36     39     42     26     56     63     17      9     51     59     28     60     55     21    
      16     50     44     57     80     63     18     21     13     53     42     48     41     27     34     20     31     54     40     45     51     54     30      0     20     44     41     59      7     12     67     36     60     55     46     32     22     52     43     46     40     16    
       5     57     43     38     65     55     38     27     29     56     22     49     52     43     25     12     13     34     46     60     65     44     25     20      0     56     57     40     27     20     51     45     73     40     37     20     33     36     25     35     30      5    
      56     88     34     93    121    108     45     64     31     94     74     91     78     59     78     45     61     82     18      8     78     57     74     44     56      0     15     83     39     36    107     76     89     65     90     74     23     65     81     54     48     56    
      56     78     46     96    121    103     35     58     28     86     78     84     67     48     75     49     65     87     30      8     66     68     70     41     57     15      0     90     34     37    108     67     77     75     87     73     26     75     82     64     58     56    
      45     92     54     29     61     71     78     64     65     87     21     79     89     83     50     42     27      8     66     89    104     35     55     59     40     83     90      0     65     55     46     81    111     24     56     46     63     20     29     32     35     45    
      23     51     45     64     86     69     13     25      9     55     49     51     41     25     41     25     38     61     38     39     48     58     36      7     27     39     34     65      0     14     74     38     58     59     53     38     20     57     50     50     44     23    
      20     62     32     59     85     72     27     33     10     65     41     60     54     38     42     13     28     51     28     39     62     43     39     12     20     36     37     55     14      0     71     49     72     46     55     38     12     44     45     36     30     20    
      51     71     88     17     15     32     81     57     79     61     36     54     74     79     35     62     48     38     95    111     92     77     42     67     51    107    108     46     74     71      0     66     94     67     29     36     84     62     27     70     70     51    
      39     13     81     65     72     44     31     18     47     18     60     18      8     20     32     53     57     73     76     74     26     88     26     36     45     76     67     81     38     49     66      0     30     85     37     35     58     81     54     79     74     39    
      67     23    104     95     98     68     46     47     66     35     90     41     21     33     63     79     86    103     95     85     11    114     56     60     73     89     77    111     58     72     94     30      0    113     65     66     77    110     84    106    100     67    
      46     98     32     50     83     87     73     67     55     96     34     89     93     82     61     35     29     29     47     73    105     11     63     55     40     65     75     24     59     46     67     85    113      0     70     56     50      5     45     11     17     46    
      34     43     80     32     36     18     56     30     59     33     37     25     45     51     12     50     43     47     82     92     63     77     17     46     37     90     87     56     53     55     29     37     65     70      0     16     67     65     26     69     66     34    
      18     46     64     30     48     35     45     22     44     40     25     33     44     44      5     33     27     38     66     77     61     61      9     32     20     74     73     46     38     38     36     35     66     56     16      0     51     51     18     53     50     18    
      33     71     27     71     98     85     30     43     11     75     52     71     61     44     55     23     39     61     18     27     67     45     51     22     33     23     26     63     20     12     84     58     77     50     67     51      0     49     58     39     32     33    
      42     94     34     45     78     82     70     63     53     91     29     84     89     79     56     32     24     25     48     73    102     15     59     52     36     65     75     20     57     44     62     81    110      5     65     51     49      0     40     12     17     42    
      27     64     62     13     42     42     60     40     54     57     11     50     63     61     22     35     21     20     68     85     79     53     28     43     25     81     82     29     50     45     27     54     84     45     26     18     58     40      0     45     44     27    
      40     93     22     53     86     87     64     61     45     91     35     85     86     74     58     27     26     35     36     62     97      8     60     46     35     54     64     32     50     36     70     79    106     11     69     53     39     12     45      0      6     40    
      35     87     19     53     86     84     57     56     38     86     34     80     80     67     55     21     23     36     31     56     91     14     55     40     30     48     58     35     44     30     70     74    100     17     66     50     32     17     44      6      0     35    
       0     52     47     40     65     53     34     21     27     51     26     44     46     38     22     16     18     39     47     59     60     49     21     16      5     56     56     45     23     20     51     39     67     46     34     18     33     42     27     40     35      0   
   
      39     19     77     70     80     53     24     19     41     27     63     27      9     11     38     51     58     76     70     66     21     86     31     33     45     69     59     83     32     45     73      9     28     85     44     40     52     82     58     78     72     39    
      46     46     91     36     29      8     66     40     70     34     45     28     50     59     23     61     53     54     94    103     68     87     27     57     48    101     98     63     63     66     27     43     69     79     11     27     78     74     34     79     76     46    
      34     64     38     74     99     83     21     39      7     69     57     66     54     35     54     29     44     67     26     25     57     55     50     19     36     25     21     71     14     16     86     51     68     59     66     51     10     58     61     49     42     34    
      53    105     31     58     91     95     77     74     59    103     42     96     99     87     68     40     36     37     47     73    111      8     71     60     47     65     76     31     64     50     75     92    119      8     78     63     52     13     53     13     20     53    
      53     10     93     80     84     54     38     32     56     22     75     27      7     24     47     66     72     88     85     79     13    101     41     48     59     83     71     96     47     60     79     15     15    100     50     51     67     96     69     93     87     53    
       5     51     45     46     70     56     29     20     22     51     31     46     45     34     26     14     21     43     44     54     57     49     23     11      9     52     51     49     18     16     57     38     65     48     38     22     28     44     32     41     35      5    
      41     89      6     67     99     93     53     58     32     90     47     85     80     65     62     25     34     52     16     42     88     23     62     39     37     34     45     51     40     26     83     75     98     31     74     58     23     32     56     20     15     41   
   22   15   21   18   23   30   26   27   26   
25   26   22   16   20   21   26   29   25   20   
18   26   22   17   30   20   28   26   18   27   
18   18   21   20   16   16   19   23   20   30   
28  
   342   404        131   219        325   407        208   268        210   292        303   387        121   183        204   282        199   275     
   244   320        137   213        296   364        258   328        273   353        120   204        375   436        345   412         47   131        116   194     
   205   279         49   97        206   268        394   447        315   389        119   205         56   108        170   244         69   137        362   432     
   330   411         65   131        384   392        340   402        321   383         78   148        291   371        335   411        136   212        338   398     
   140   218         
