1 9 50 1 1 480
       0     40     67     38     22     43     47     32     51     62     24     46     13     32     55     36     29     20     27     48     11     44     53     43      7     39     49      9     42     50     16     50     45     31      5     35     43     47     39     53     60     54     22     62     50     63     32     26     46     40     38      0    
      40      0     94     78     46     15     31     39     67     89     34     77     34     71     32     70     25     48     66     17     30     84     60     73     38     72     87     43      9     45     37     48     49     47     39     74     70     11      8     73     96     81     56     54     83     92     26     54     80     74     65     40    
      67     94      0     59     49    105     75    100     33      5     59     21     63     67     85     83     95     83     50     90     77     69    119     24     75     30     79     74     90    118     84    118    112     97     64     44     99     95     98     24     93     13     46    130     23      7     69     42     90     87     95     67    
      38     78     59      0     44     80     80     59     64     56     55     40     47     10     90     26     63     38     16     85     48     10     69     40     41     33     20     36     80     77     46     74     68     51     39     16     43     86     76     59     34     52     31     88     36     52     66     40     31     29     41     38    
      22     46     49     44      0     56     37     54     29     43     13     31     14     43     47     53     47     42     28     47     30     54     75     26     29     26     61     31     44     71     39     71     67     53     18     33     65     50     49     31     75     35     13     83     37     45     25      8     63     58     60     22    
      43     15    105     80     56      0     46     30     79     99     46     86     42     71     47     67     18     45     70     32     32     84     48     82     39     80     85     44     24     30     34     34     36     39     44     78     63     25      8     85     93     91     63     39     91    102     40     63     75     70     59     43    
      47     31     75     80     37     46      0     64     43     70     25     64     34     77     10     83     51     64     65     17     44     89     87     59     50     61     95     55     22     74     55     77     76     69     43     70     89     24     38     51    107     63     51     84     72     75     15     44     93     87     83     47    
      32     39    100     59     54     30     64      0     83     95     50     79     40     49     69     40     14     20     55     56     24     60     23     75     25     71     59     27     47     18     16     17     13      9     36     63     33     51     33     85     64     87     54     30     81     95     52     59     46     41     29     32    
      51     67     33     64     29     79     43     83      0     28     34     29     42     67     52     80     74     71     48     60     58     74    105     26     58     32     83     60     61     99     68    100     96     82     47     48     93     65     72      9     98     22     36    111     37     33     40     27     89     85     88     51    
      62     89      5     56     43     99     70     95     28      0     54     17     58     63     80     79     90     78     45     85     72     66    113     19     69     25     76     68     84    113     78    112    107     91     58     40     94     90     92     19     90      8     40    125     20      6     64     36     86     83     91     62    
      24     34     59     55     13     46     25     50     34     54      0     43     11     52     35     59     40     43     39     34     26     63     73     38     29     39     70     32     31     65     37     66     63     52     19     45     67     37     38     39     83     46     25     77     50     57     12     21     69     64     62     24    
      46     77     21     40     31     86     64     79     29     17     43      0     44     46     74     62     75     61     28     77     57     50     97      5     53      8     60     52     74     97     62     96     91     75     43     24     77     80     80     22     74     12     24    109      8     16     55     23     69     66     73     46    
      13     34     63     47     14     42     34     40     42     58     11     44      0     43     43     48     32     32     33     38     16     55     63     40     18     38     60     21     33     57     26     57     53     41      8     40     56     39     35     45     73     50     22     69     50     60     19     21     59     53     51     13    
      32     71     67     10     43     71     77     49     67     63     52     46     43      0     87     16     54     28     19     80     41     12     59     46     33     39     17     27     74     67     37     64     57     41     35     23     33     80     69     64     31     58     31     77     44     61     63     41     23     20     30     32    
      55     32     85     90     47     47     10     69     52     80     35     74     43     87      0     91     55     71     75     15     51     99     91     69     58     72    104     63     23     77     62     80     80     75     52     80     96     22     40     61    116     73     61     86     82     85     24     55    101     96     90     55    
      36     70     83     26     53     67     83     40     80     79     59     62     48     16     91      0     49     22     33     82     41     22     45     61     33     54     19     28     75     56     33     52     45     31     40     39     17     80     66     78     26     73     44     65     60     76     68     53     10      5     15     36    
      29     25     95     63     47     18     51     14     74     90     40     75     32     54     55     49      0     26     55     41     18     66     36     71     23     68     67     27     33     25     17     26     25     21     31     63     46     36     19     78     74     82     50     36     79     91     39     53     57     51     41     29    
      20     48     83     38     42     45     64     20     71     78     43     61     32     28     71     22     26      0     35     61     20     40     35     58     14     53     40     11     53     39     10     37     30     14     25     43     24     58     44     71     48     71     38     50     62     77     49     45     31     25     19     20    
      27     66     50     16     28     70     65     55     48     45     39     28     33     19     75     33     55     35      0     71     38     26     70     27     32     20     35     28     66     74     39     72     66     49     27      8     49     72     66     45     49     39     14     85     28     43     51     23     42     38     45     27    
      48     17     90     85     47     32     17     56     60     85     34     77     38     80     15     82     41     61     71      0     41     93     77     72     48     73     97     54      8     62     51     65     65     62     46     78     85      7     25     67    108     77     59     71     84     89     22     55     92     86     80     48    
      11     30     77     48     30     32     44     24     58     72     26     57     16     41     51     41     18     20     38     41      0     53     47     53      7     50     56     13     34     41     11     41     37     26     13     46     44     39     28     61     67     64     32     53     61     73     30     36     50     45     39     11    
      44     84     69     10     54     84     89     60     74     66     63     50     55     12     99     22     66     40     26     93     53      0     67     50     46     43     10     40     86     77     49     74     67     51     47     26     38     92     81     70     24     62     41     87     46     62     74     50     24     24     37     44    
      53     60    119     69     75     48     87     23    105    113     73     97     63     59     91     45     36     35     70     77     47     67      0     94     46     89     62     45     69     19     37     14     11     22     57     78     30     71     53    106     63    106     73     23     98    113     75     80     47     44     30     53    
      43     73     24     40     26     82     59     75     26     19     38      5     40     46     69     61     71     58     27     72     53     50     94      0     50      7     60     49     70     94     59     93     88     72     39     24     76     75     75     19     74     12     21    106     12     20     50     18     69     65     72     43    
       7     38     75     41     29     39     50     25     58     69     29     53     18     33     58     33     23     14     32     48      7     46     46     50      0     46     49      5     41     43      9     43     38     24     11     40     39     47     35     60     59     61     29     55     56     70     35     34     43     38     33      7    
      39     72     30     33     26     80     61     71     32     25     39      8     38     39     72     54     68     53     20     73     50     43     89      7     46      0     53     44     70     90     55     89     83     67     36     17     69     76     74     26     67     19     17    101     11     24     51     18     62     59     65     39    
      49     87     79     20     61     85     95     59     83     76     70     60     60     17    104     19     67     40     35     97     56     10     62     60     49     53      0     43     90     75     50     71     64     50     52     36     32     96     83     79     14     72     49     84     56     72     80     58     16     18     32     49    
       9     43     74     36     31     44     55     27     60     68     32     52     21     27     63     28     27     11     28     54     13     40     45     49      5     44     43      0     47     45     11     44     38     23     14     37     34     53     41     61     53     61     28     57     54     68     40     34     38     32     29      9    
      42      9     90     80     44     24     22     47     61     84     31     74     33     74     23     75     33     53     66      8     34     86     69     70     41     70     90     47      0     54     43     57     57     54     40     73     77      6     17     67    101     76     55     63     81     88     20     52     84     79     71     42    
      50     45    118     77     71     30     74     18     99    113     65     97     57     67     77     56     25     39     74     62     41     77     19     94     43     90     75     45     54      0     34      5     11     25     54     82     45     55     37    102     78    105     72     12    100    113     64     77     61     57     43     50    
      16     37     84     46     39     34     55     16     68     78     37     62     26     37     62     33     17     10     39     51     11     49     37     59      9     55     50     11     43     34      0     33     28     15     21     48     34     48     33     69     59     71     38     46     65     79     41     43     42     36     28     16    
      50     48    118     74     71     34     77     17    100    112     66     96     57     64     80     52     26     37     72     65     41     74     14     93     43     89     71     44     57      5     33      0      7     23     54     80     41     59     40    102     74    105     72     13     99    113     66     77     57     53     39     50    
      45     49    112     68     67     36     76     13     96    107     63     91     53     57     80     45     25     30     66     65     37     67     11     88     38     83     64     38     57     11     28      7      0     16     49     74     34     60     41     98     67    100     66     20     93    107     64     72     50     46     32     45    
      31     47     97     51     53     39     69      9     82     91     52     75     41     41     75     31     21     14     49     62     26     51     22     72     24     67     50     23     54     25     15     23     16      0     35     57     24     58     41     84     55     84     51     36     77     91     55     57     37     32     20     31    
       5     39     64     39     18     44     43     36     47     58     19     43      8     35     52     40     31     25     27     46     13     47     57     39     11     36     52     14     40     54     21     54     49     35      0     35     48     46     39     48     64     50     19     66     47     59     28     22     50     45     43      5    
      35     74     44     16     33     78     70     63     48     40     45     24     40     23     80     39     63     43      8     78     46     26     78     24     40     17     36     37     73     82     48     80     74     57     35      0     55     80     74     43     50     36     19     94     21     37     57     27     46     43     52     35    
      43     70     99     43     65     63     89     33     93     94     67     77     56     33     96     17     46     24     49     85     44     38     30     76     39     69     32     34     77     45     34     41     34     24     48     55      0     81     65     92     33     88     57     53     76     93     74     66     16     14      5     43    
      47     11     95     86     50     25     24     51     65     90     37     80     39     80     22     80     36     58     72      7     39     92     71     75     47     76     96     53      6     55     48     59     60     58     46     80     81      0     18     73    106     82     61     64     87     93     25     58     90     84     76     47    
      39      8     98     76     49      8     38     33     72     92     38     80     35     69     40     66     19     44     66     25     28     81     53     75     35     74     83     41     17     37     33     40     41     41     39     74     65     18      0     77     92     84     57     46     85     95     32     57     75     69     60     39    
      53     73     24     59     31     85     51     85      9     19     39     22     45     64     61     78     78     71     45     67     61     70    106     19     60     26     79     61     67    102     69    102     98     84     48     43     92     73     77      0     93     13     34    114     29     24     47     26     87     83     87     53    
      60     96     93     34     75     93    107     64     98     90     83     74     73     31    116     26     74     48     49    108     67     24     63     74     59     67     14     53    101     78     59     74     67     55     64     50     33    106     92     93      0     86     63     86     70     86     92     72     17     22     35     60    
      54     81     13     52     35     91     63     87     22      8     46     12     50     58     73     73     82     71     39     77     64     62    106     12     61     19     72     61     76    105     71    105    100     84     50     36     88     82     84     13     86      0     33    117     17     12     56     28     81     78     84     54    
      22     56     46     31     13     63     51     54     36     40     25     24     22     31     61     44     50     38     14     59     32     41     73     21     29     17     49     28     55     72     38     72     66     51     19     19     57     61     57     34     63     33      0     84     28     41     37      9     53     49     52     22    
      62     54    130     88     83     39     84     30    111    125     77    109     69     77     86     65     36     50     85     71     53     87     23    106     55    101     84     57     63     12     46     13     20     36     66     94     53     64     46    114     86    117     84      0    112    125     75     89     69     65     51     62    
      50     83     23     36     37     91     72     81     37     20     50      8     50     44     82     60     79     62     28     84     61     46     98     12     56     11     56     54     81    100     65     99     93     77     47     21     76     87     85     29     70     17     28    112      0     16     62     29     67     64     73     50    
      63     92      7     52     45    102     75     95     33      6     57     16     60     61     85     76     91     77     43     89     73     62    113     20     70     24     72     68     88    113     79    113    107     91     59     37     93     93     95     24     86     12     41    125     16      0     67     38     83     81     89     63    
      32     26     69     66     25     40     15     52     40     64     12     55     19     63     24     68     39     49     51     22     30     74     75     50     35     51     80     40     20     64     41     66     64     55     28     57     74     25     32     47     92     56     37     75     62     67      0     33     78     72     69     32    
      26     54     42     40      8     63     44     59     27     36     21     23     21     41     55     53     53     45     23     55     36     50     80     18     34     18     58     34     52     77     43     77     72     57     22     27     66     58     57     26     72     28      9     89     29     38     33      0     62     58     61     26    
      46     80     90     31     63     75     93     46     89     86     69     69     59     23    101     10     57     31     42     92     50     24     47     69     43     62     16     38     84     61     42     57     50     37     50     46     16     90     75     87     17     81     53     69     67     83     78     62      0      5     18     46    
      40     74     87     29     58     70     87     41     85     83     64     66     53     20     96      5     51     25     38     86     45     24     44     65     38     59     18     32     79     57     36     53     46     32     45     43     14     84     69     83     22     78     49     65     64     81     72     58      5      0     14     40    
      38     65     95     41     60     59     83     29     88     91     62     73     51     30     90     15     41     19     45     80     39     37     30     72     33     65     32     29     71     43     28     39     32     20     43     52      5     76     60     87     35     84     52     51     73     89     69     61     18     14      0     38    
       0     40     67     38     22     43     47     32     51     62     24     46     13     32     55     36     29     20     27     48     11     44     53     43      7     39     49      9     42     50     16     50     45     31      5     35     43     47     39     53     60     54     22     62     50     63     32     26     46     40     38      0   
    
      53     34     79     87     43     50      6     70     46     74     32     69     41     84      6     89     56     70     71     19     50     95     92     64     56     67    101     61     25     79     61     82     81     75     49     76     95     26     42     55    114     67     56     88     76     79     21     50     99     94     89     53    
      42     59    106     55     65     50     82     20     94    101     65     84     54     44     88     30     34     23     57     75     39     52     14     81     36     76     48     34     67     28     28     24     17     13     47     64     17     70     53     95     50     94     61     36     85    100     68     68     33     29     15     42    
      25     17     88     62     39     18     40     24     65     82     30     68     24     54     44     53     11     30     52     32     14     67     47     64     21     62     69     26     23     35     20     37     36     30     25     60     53     28     14     69     79     74     44     47     73     84     28     46     62     56     48     25    
      58     93     94     35     73     89    105     60     97     91     80     75     70     30    114     22     70     44     49    105     63     25     58     75     56     68     15     50     97     73     55     69     62     50     62     51     28    103     88     94      5     87     62     81     71     87     90     71     13     18     30     58    
      44     65     29     53     22     77     47     76     11     23     31     19     36     56     57     70     69     62     37     61     52     63     97     15     51     21     72     52     61     93     60     94     89     75     39     37     83     66     69      8     87     16     26    105     27     28     40     17     79     75     78     44    
      46     32    112     78     64     17     62     20     90    107     56     92     49     68     64     60     17     40     71     49     35     80     32     88     39     85     79     43     41     13     32     17     21     29     48     80     52     42     24     94     84     99     67     22     96    108     53     70     66     62     49     46    
      38     65     30     44     18     75     50     71     19     24     30     14     33     48     60     62     65     56     29     63     48     55     91      9     46     13     64     46     61     89     55     89     84     69     34     29     76     67     68     16     78     16     18    101     21     26     41     12     71     67     71     38    
      37     40    105     63     59     29     67      5     87     99     54     84     45     53     71     44     16     25     60     57     29     64     20     80     30     76     63     32     49     13     21     12      9     13     41     68     35     52     33     90     67     92     59     25     86    100     55     64     50     45     32     37    
      42     24     78     77     36     39      7     57     47     72     23     65     30     73     13     78     44     58     62     13     38     85     80     60     44     61     91     50     15     67     49     70     69     62     38     68     83     19     31     54    103     64     49     77     72     76     11     43     88     82     77     42   
  20   28   26   15   15   26   23   19   22   
30   30   16   20   22   25   24   24   24   27   
15   19   26   24   16   29   24   24   24   17   
17   24   26   28   25   26   25   18   25   16   
17   25   27   20   15   28   30   19   20   25   
24   
        252   336         67   75        228   300        359   439         43   67        314   380        212   286         51   98        271   349     
   160   242        278   338        166   228         74   148         55   101        109   171        148   222        237   317        189   271        138   208     
   268   346        401   417        144   210        231   301        212   286         56   144        350   407        248   326        266   346        353   413     
   226   298         52   128        129   201        213   287        332   394         35   94        163   229        370   415        198   284         53   117     
   172   258         93   173        340   414        279   353         73   153         63   140        214   280        316   376        224   312        261   347     
   320   380    
