1 7 40 1 1 480
       0     40      8     34     15     40     24     33     62     14     44     38     47      7     55     23     48     27     40     48     37     52     24     60     56     24     19     56     38      5     31     13     63     53     37     22     32     40     45     47      8      0    
      40      0     37     42     49     60     25     72     68     49      6     53     87     46     58     29     87     65     75     20     67     74     32     21     16     55     55     53     39     35     43     37     78     15     75     53     72     66     45     64     45     40    
       8     37      0     26     13     34     17     39     69     22     40     31     50     15     61     27     50     34     39     49     45     47     16     56     52     20     27     61     30      9     37      5     56     51     44     30     36     48     50     54      8      8    
      34     42     26      0     28     19     19     62     94     48     42     11     64     41     85     49     60     58     44     61     71     33     13     52     53     25     53     84      6     35     62     21     35     57     67     57     54     75     73     81     31     34    
      15     49     13     28      0     27     27     34     77     24     53     28     39     17     70     38     37     30     26     62     46     38     23     68     65      9     26     71     33     19     46     13     49     64     39     33     26     51     60     59      6     15    
      40     60     34     19     27      0     35     58    103     51     61      8     51     44     95     61     46     55     29     77     73     14     28     72     72     18     54     95     25     43     71     29     22     75     63     60     47     78     84     86     33     40    
      24     25     17     19     27     35      0     57     76     37     26     29     66     31     67     31     65     51     52     42     60     50      7     40     38     31     43     65     18     22     45     14     55     40     61     45     53     62     55     65     25     24    
      33     72     39     62     34     58     57      0     64     22     77     62     27     26     61     47     33      6     38     75     22     65     55     93     88     40     16     67     67     37     42     43     79     83      5     22     14     30     58     43     32     33    
      62     68     69     94     77    103     76     64      0     53     74    101     91     59     10     45     96     60     96     54     41    115     81     87     79     86     54     17     95     60     32     74    125     68     63     46     77     34     23     21     70     62    
      14     49     22     48     24     51     37     22     53      0     54     51     44      7     47     24     47     16     43     53     23     62     38     71     65     33      6     50     52     15     24     27     74     60     26      8     28     26     40     35     18     14    
      44      6     40     42     53     61     26     77     74     54      0     53     91     50     64     35     90     70     78     24     72     75     33     16     12     57     61     58     38     40     50     40     77     15     80     59     77     72     51     70     49     44    
      38     53     31     11     28      8     29     62    101     51     53      0     58     44     92     57     53     58     37     71     74     22     22     63     64     22     55     92     16     40     69     26     26     67     67     60     51     78     81     85     32     38    
      47     87     50     64     39     51     66     27     91     44     91     58      0     43     88     68      7     31     22     96     50     52     62    107    103     38     40     93     70     52     68     52     67    101     29     48     16     57     84     70     42     47    
       7     46     15     41     17     44     31     26     59      7     50     44     43      0     53     25     45     20     39     52     30     55     31     67     62     26     12     55     45     10     29     20     67     58     30     16     27     34     44     42     11      7    
      55     58     61     85     70     95     67     61     10     47     64     92     88     53      0     36     92     57     91     44     40    108     72     77     69     79     49      9     86     52     24     66    118     58     61     41     73     33     13     20     63     55    
      23     29     27     49     38     61     31     47     45     24     35     57     68     25     36      0     70     40     63     28     37     74     36     51     44     47     30     34     50     18     15     31     83     37     49     25     52     36     24     36     32     23    
      48     87     50     60     37     46     65     33     96     47     90     53      7     45     92     70      0     36     16     97     55     45     60    105    102     35     43     97     66     53     71     50     60    101     35     51     19     63     87     75     41     48    
      27     65     34     58     30     55     51      6     60     16     70     58     31     20     57     40     36      0     38     69     20     63     50     87     82     36     10     62     62     30     37     38     77     77     10     17     16     27     53     39     27     27    
      40     75     39     44     26     29     52     38     96     43     78     37     22     39     91     63     16     38      0     88     58     30     46     92     90     21     42     94     50     45     68     38     45     90     42     50     23     65     83     76     32     40    
      48     20     49     61     62     77     42     75     54     53     24     71     96     52     44     28     97     69     88      0     64     92     49     33     25     69     59     37     58     43     37     51     97     14     78     53     80     61     32     55     56     48    
      37     67     45     71     46     73     60     22     41     23     72     74     50     30     40     37     55     20     58     64      0     82     61     89     82     54     19     46     75     38     27     50     95     75     21     15     36      7     39     20     41     37    
      52     74     47     33     38     14     50     65    115     62     75     22     52     55    108     74     45     63     30     92     82      0     42     85     86     29     63    108     38     56     83     42     15     89     69     71     51     88     97     97     44     52    
      24     32     16     13     23     28      7     55     81     38     33     22     62     31     72     36     60     50     46     49     61     42      0     46     45     25     43     70     14     23     49     11     48     47     60     46     50     63     60     68     22     24    
      60     21     56     52     68     72     40     93     87     71     16     63    107     67     77     51    105     87     92     33     89     85     46      0      8     71     77     70     47     56     65     55     85     19     97     75     93     87     64     85     65     60    
      56     16     52     53     65     72     38     88     79     65     12     64    103     62     69     44    102     82     90     25     82     86     45      8      0     69     72     62     48     51     57     52     87     11     91     69     89     80     56     78     61     56    
      24     55     20     25      9     18     31     40     86     33     57     22     38     26     79     47     35     36     21     69     54     29     25     71     69      0     35     80     31     28     55     18     41     69     45     42     29     59     69     68     15     24    
      19     55     27     53     26     54     43     16     54      6     61     55     40     12     49     30     43     10     42     59     19     63     43     77     72     35      0     53     57     21     28     32     76     66     19      8     24     24     44     34     22     19    
      56     53     61     84     71     95     65     67     17     50     58     92     93     55      9     34     97     62     94     37     46    108     70     70     62     80     53      0     84     52     26     66    117     51     67     45     77     40     10     29     64     56    
      38     39     30      6     33     25     18     67     95     52     38     16     70     45     86     50     66     62     50     58     75     38     14     47     48     31     57     84      0     37     63     25     39     53     72     60     60     78     73     83     35     38    
       5     35      9     35     19     43     22     37     60     15     40     40     52     10     52     18     53     30     45     43     38     56     23     56     51     28     21     52     37      0     28     14     65     48     41     23     37     40     41     45     13      5    
      31     43     37     62     46     71     45     42     32     24     50     69     68     29     24     15     71     37     68     37     27     83     49     65     57     55     28     26     63     28      0     42     94     49     43     20     52     23     16     21     39     31    
      13     37      5     21     13     29     14     43     74     27     40     26     52     20     66     31     50     38     38     51     50     42     11     55     52     18     32     66     25     14     42      0     51     51     48     35     39     53     55     59     11     13    
      63     78     56     35     49     22     55     79    125     74     77     26     67     67    118     83     60     77     45     97     95     15     48     85     87     41     76    117     39     65     94     51      0     92     84     83     66    100    107    109     55     63    
      53     15     51     57     64     75     40     83     68     60     15     67    101     58     58     37    101     77     90     14     75     89     47     19     11     69     66     51     53     48     49     51     92      0     86     62     85     72     45     68     59     53    
      37     75     44     67     39     63     61      5     63     26     80     67     29     30     61     49     35     10     42     78     21     69     60     97     91     45     19     67     72     41     43     48     84     86      0     24     18     28     59     41     37     37    
      22     53     30     57     33     60     45     22     46      8     59     60     48     16     41     25     51     17     50     53     15     71     46     75     69     42      8     45     60     23     20     35     83     62     24      0     32     18     36     26     27     22    
      32     72     36     54     26     47     53     14     77     28     77     51     16     27     73     52     19     16     23     80     36     51     50     93     89     29     24     77     60     37     52     39     66     85     18     32      0     43     68     56     28     32    
      40     66     48     75     51     78     62     30     34     26     72     78     57     34     33     36     63     27     65     61      7     88     63     87     80     59     24     40     78     40     23     53    100     72     28     18     43      0     34     13     45     40    
      45     45     50     73     60     84     55     58     23     40     51     81     84     44     13     24     87     53     83     32     39     97     60     64     56     69     44     10     73     41     16     55    107     45     59     36     68     34      0     25     54     45    
      47     64     54     81     59     86     65     43     21     35     70     85     70     42     20     36     75     39     76     55     20     97     68     85     78     68     34     29     83     45     21     59    109     68     41     26     56     13     25      0     53     47    
       8     45      8     31      6     33     25     32     70     18     49     32     42     11     63     32     41     27     32     56     41     44     22     65     61     15     22     64     35     13     39     11     55     59     37     27     28     45     54     53      0      8    
       0     40      8     34     15     40     24     33     62     14     44     38     47      7     55     23     48     27     40     48     37     52     24     60     56     24     19     56     38      5     31     13     63     53     37     22     32     40     45     47      8      0   
 
      48     41     40     16     44     32     26     78    102     62     38     23     80     55     93     57     76     73     60     61     85     43     24     44     47     41     67     90     10     47     72     35     41     54     82     70     70     87     80     91     45     48    
      40     71     37     36     25     19     46     46    101     47     73     27     33     41     94     63     27     45     11     86     65     19     40     86     85     17     47     96     42     44     70     35     34     86     51     55     32     71     85     82     31     40    
      34     23     35     54     48     67     34     59     46     36     29     62     80     36     36     12     81     52     74     16     48     81     40     43     35     56     42     31     53     29     22     39     89     26     61     37     64     45     22     42     42     34    
      58     99     62     77     51     65     79     32     95     52    103     72     13     53     93     77     19     37     35    105     53     64     75    119    115     51     47     99     83     63     74     64     79    111     32     54     26     60     90     73     54     58    
      29     69     32     49     22     42     49     18     78     27     73     46     18     25     73     50     20     18     19     77     39     47     45     89     85     24     24     77     55     34     51     34     61     82     22     32      5     45     67     57     24     29    
      51     14     47     44     58     63     31     84     82     62      8     55     97     58     72     43     96     78     83     30     81     77     37      9      9     62     68     66     39     47     58     45     77     18     88     67     83     80     59     79     55     51    
      29     52     37     63     42     69     49     32     35     18     58     68     58     24     30     22     62     27     61     48     15     80     51     74     67     51     19     35     66     28     11     42     92     59     32     10     42     13     26     17     36     29   
25   24   21   30   28   23   17   15   18   
25   23   26   27   21   27   23   29   20   19   
17   16   20   26   25   16   22   30   17   15   
17   18   18   16   29   29   22   29   24   25   
30   
    346   410        165   245        291   367        347   431        136   212        153   239         47   127        383   403        164   248     
   148   208        359   419         47   92        223   283        317   393        262   348        251   319        225   285        371   420        296   362     
   265   333        297   357        195   269        201   281         94   168        146   230        256   340         63   143        320   380         98   182     
   137   219        225   301        341   399        230   304         45   121        177   251        283   351        176   242        308   392        307   377     
   361   429  

