1 9 50 1 1 480
       0     28     51     47     47     13     33     60     49     39     16      6     50     13     35     29     41     49     31     34     20     36     52     47     43     58     49     33     26     48     42     50     43     22     34     32     23     36     23     61     49     33     37     69     23     50     13     42     55     55     26      0    
      28      0     38     66     75     30     51     32     61     42     12     34     72     27      7     38     54     31     27     35     41     54     55     46     71     32     39     24     35     75     17     67     66     47     47     25     51     63     37     69     72      8     46     70      8     25     36     69     31     80     31     28    
      51     38      0     60     92     42     83     47     96     80     39     53     68     59     38     31     43     10     65     73     48     48     30     20     83     56     76     62     71     82     26     57     94     57     40     18     71     85     38    106    100     43     33     38     33     55     64     89     60     84     67     51    
      47     66     60      0     50     36     71     94     89     85     55     41      8     60     73     30     16     65     78     81     27     12     35     40     36     98     96     80     72     29     71      6     69     26     20     49     42     52     29    103     75     74     26     47     58     92     55     51     97     27     73     47    
      47     75     92     50      0     51     43    107     58     66     64     42     45     52     83     62     59     93     68     66     44     51     79     80     13    105     84     73     55     22     89     56     29     36     57     75     24     14     55     71     31     81     64     94     71     96     42      7    100     31     60     47    
      13     30     42     36     51      0     46     61     62     52     19     12     41     26     38     16     28     42     42     47     10     25     38     34     43     63     60     44     40     45     40     39     53     17     21     24     29     43     10     75     60     38     23     55     23     56     26     47     61     50     39     13    
      33     51     83     71     43     46      0     78     18     23     44     34     71     24     57     62     71     79     30     25     48     64     85     80     49     71     43     37     17     58     68     76     19     45     65     65     29     28     55     31     23     52     69    102     50     62     19     35     65     67     22     33    
      60     32     47     94    107     61     78      0     83     62     43     66    101     56     24     64     80     37     48     56     72     82     74     64    103     12     47     42     61    106     23     94     95     79     74     46     83     94     66     87    100     26     70     85     38     18     66    101     19    112     55     60    
      49     61     96     89     58     62     18     83      0     21     57     52     89     38     65     79     89     91     35     27     66     83    101     96     66     74     39     41     25     75     77     95     30     63     82     79     48     45     73     13     30     60     86    118     63     65     36     51     66     84     29     49    
      39     42     80     85     66     52     23     62     21      0     41     44     87     26     45     68     80     73     15      6     59     76     90     83     70     53     20     20     13     78     58     89     42     59     73     64     48     51     63     27     45     40     76    106     46     44     30     58     45     86     13     39    
      16     12     39     55     64     19     44     43     57     41      0     22     60     19     19     29     45     34     28     35     29     43     49     41     59     44     43     27     31     63     25     57     58     35     38     22     40     52     27     67     64     19     37     65      7     37     27     58     42     68     29     16    
       6     34     53     41     42     12     34     66     52     44     22      0     44     19     41     28     37     52     37     40     14     31     50     46     37     65     55     40     31     41     47     45     41     16     30     35     18     32     21     64     48     40     34     67     28     57     15     37     62     48     32      6    
      50     72     68      8     45     41     71    101     89     87     60     44      0     63     79     38     25     73     81     84     31     19     43     49     31    104     99     83     74     23     78     14     67     28     28     56     41     49     35    103     72     79     34     55     64     97     57     47    102     19     76     50    
      13     27     59     60     52     26     24     56     38     26     19     19     63      0     33     42     54     54     18     21     33     50     64     58     51     53     36     22     13     57     44     64     39     35     47     41     29     38     37     49     45     30     50     81     26     44     10     45     48     65     13     13    
      35      7     38     73     83     38     57     24     65     45     19     41     79     33      0     43     60     29     30     39     49     60     59     49     79     25     38     25     41     82     13     74     73     55     53     29     59     71     44     73     79      5     51     72     14     20     43     77     25     88     36     35    
      29     38     31     30     62     16     62     64     79     68     29     28     38     42     43      0     16     35     56     62     18     18     22     18     51     68     73     56     56     50     41     30     68     26     10     18     42     56      7     91     75     46      8     39     30     63     43     59     68     52     55     29    
      41     54     43     16     59     28     71     80     89     80     45     37     25     54     60     16      0     49     70     75     22      8     20     24     47     85     88     71     68     43     57     14     73     27      7     34     45     58     18    102     79     62     10     34     46     80     53     59     85     42     68     41    
      49     31     10     65     93     42     79     37     91     73     34     52     73     54     29     35     49      0     58     66     50     53     39     29     85     46     68     54     65     85     17     63     92     58     45     18     70     84     40    100     98     35     39     48     28     46     61     89     50     88     62     49    
      31     27     65     78     68     42     30     48     35     15     28     37     81     18     30     56     70     58      0      8     51     67     77     70     69     41     18      6     13     75     43     81     49     53     63     50     46     53     52     42     54     25     64     93     31     31     26     61     34     83      8     31    
      34     35     73     81     66     47     25     56     27      6     35     40     84     21     39     62     75     66      8      0     54     71     84     77     68     48     18     14     10     76     52     85     44     56     68     58     46     51     57     34     48     33     70    100     39     38     27     58     40     84      8     34    
      20     41     48     27     44     10     48     72     66     59     29     14     31     33     49     18     22     50     51     54      0     17     38     36     34     73     69     53     46     35     50     30     51      8     17     32     24     38     11     79     58     49     22     55     34     67     30     41     72     39     46     20    
      36     54     48     12     51     25     64     82     83     76     43     31     19     50     60     18      8     53     67     71     17      0     28     31     39     85     85     69     63     35     59     14     66     19      8     36     38     50     16     96     72     62     15     43     46     80     47     51     85     35     63     36    
      52     55     30     35     79     38     85     74    101     90     49     50     43     64     59     22     20     39     77     84     38     28      0     10     67     82     93     77     78     63     52     30     90     44     22     30     63     76     29    114     96     63     16     17     48     79     65     78     84     61     77     52    
      47     46     20     40     80     34     80     64     96     83     41     46     49     58     49     18     24     29     70     77     36     31     10      0     69     72     85     68     72     66     42     37     87     44     23     20     61     75     26    108     94     53     16     23     39     69     61     77     74     66     70     47    
      43     71     83     36     13     43     49    103     66     70     59     37     31     51     79     51     47     85     69     68     34     39     67     69      0    102     86     73     58      9     84     43     38     26     46     67     22     21     45     79     42     77     53     82     65     94     42     17     98     18     61     43    
      58     32     56     98    105     63     71     12     74     53     44     65    104     53     25     68     85     46     41     48     73     85     82     72    102      0     37     34     54    106     30     98     90     79     78     52     81     91     69     78     95     25     75     93     39      9     63     98      8    112     49     58    
      49     39     76     96     84     60     43     47     39     20     43     55     99     36     38     73     88     68     18     18     69     85     93     85     86     37      0     16     28     93     51     99     62     71     81     64     64     69     69     41     65     33     81    108     45     29     44     76     29    101     24     49    
      33     24     62     80     73     44     37     42     41     20     27     40     83     22     25     56     71     54      6     14     53     69     77     68     73     34     16      0     20     80     38     83     55     56     64     48     51     59     53     47     60     20     65     92     29     25     31     66     28     87     14     33    
      26     35     71     72     55     40     17     61     25     13     31     31     74     13     41     56     68     65     13     10     46     63     78     72     58     54     28     20      0     65     52     76     35     46     61     54     36     41     50     36     40     36     63     95     37     45     17     48     48     74      5     26    
      48     75     82     29     22     45     58    106     75     78     63     41     23     57     82     50     43     85     75     76     35     35     63     66      9    106     93     80     65      0     86     36     48     27     42     67     29     31     44     88     52     81     50     76     68     99     49     26    103      9     68     48    
      42     17     26     71     89     40     68     23     77     58     25     47     78     44     13     41     57     17     43     52     50     59     52     42     84     30     51     38     52     86      0     71     83     58     51     23     65     78     43     86     89     18     47     63     18     28     52     84     33     90     48     42    
      50     67     57      6     56     39     76     94     95     89     57     45     14     64     74     30     14     63     81     85     30     14     30     37     43     98     99     83     76     36     71      0     75     31     20     48     48     58     30    108     81     75     24     41     59     93     60     58     98     33     77     50    
      43     66     94     69     29     53     19     95     30     42     58     41     67     39     73     68     73     92     49     44     51     66     90     87     38     90     62     55     35     48     83     75      0     46     68     76     27     17     61     42      6     69     74    107     65     80     31     22     84     57     41     43    
      22     47     57     26     36     17     45     79     63     59     35     16     28     35     55     26     27     58     53     56      8     19     44     44     26     79     71     56     46     27     58     31     46      0     22     40     18     31     19     77     52     54     29     61     41     72     29     33     77     33     48     22    
      34     47     40     20     57     21     65     74     82     73     38     30     28     47     53     10      7     45     63     68     17      8     22     23     46     78     81     64     61     42     51     20     68     22      0     28     41     54     11     95     74     55      7     38     39     73     46     56     78     43     61     34    
      32     25     18     49     75     24     65     46     79     64     22     35     56     41     29     18     34     18     50     58     32     36     30     20     67     52     64     48     54     67     23     48     76     40     28      0     53     67     22     90     82     32     24     44     18     49     46     71     54     70     51     32    
      23     51     71     42     24     29     29     83     48     48     40     18     41     29     59     42     45     70     46     46     24     38     63     61     22     81     64     51     36     29     65     48     27     18     41     53      0     14     35     61     33     57     47     79     47     72     20     18     77     38     39     23    
      36     63     85     52     14     43     28     94     45     51     52     32     49     38     71     56     58     84     53     51     38     50     76     75     21     91     69     59     41     31     78     58     17     31     54     67     14      0     49     58     22     68     60     92     59     82     28      7     86     40     45     36    
      23     37     38     29     55     10     55     66     73     63     27     21     35     37     44      7     18     40     52     57     11     16     29     26     45     69     69     53     50     44     43     30     61     19     11     22     35     49      0     85     68     45     13     46     29     63     36     52     68     47     50     23    
      61     69    106    103     71     75     31     87     13     27     67     64    103     49     73     91    102    100     42     34     79     96    114    108     79     78     41     47     36     88     86    108     42     77     95     90     61     58     85      0     41     67     99    130     72     69     49     64     70     98     38     61    
      49     72    100     75     31     60     23    100     30     45     64     48     72     45     79     75     79     98     54     48     58     72     96     94     42     95     65     60     40     52     89     81      6     52     74     82     33     22     68     41      0     74     80    113     71     85     37     26     88     61     45     49    
      33      8     43     74     81     38     52     26     60     40     19     40     79     30      5     46     62     35     25     33     49     62     63     53     77     25     33     20     36     81     18     75     69     54     55     32     57     68     45     67     74      0     54     77     16     18     39     74     23     87     31     33    
      37     46     33     26     64     23     69     70     86     76     37     34     34     50     51      8     10     39     64     70     22     15     16     16     53     75     81     65     63     50     47     24     74     29      7     24     47     60     13     99     80     54      0     33     38     71     50     62     76     50     63     37    
      69     70     38     47     94     55    102     85    118    106     65     67     55     81     72     39     34     48     93    100     55     43     17     23     82     93    108     92     95     76     63     41    107     61     38     44     79     92     46    130    113     77     33      0     63     91     82     93     96     74     93     69    
      23      8     33     58     71     23     50     38     63     46      7     28     64     26     14     30     46     28     31     39     34     46     48     39     65     39     45     29     37     68     18     59     65     41     39     18     47     59     29     72     71     16     38     63      0     33     34     65     39     73     34     23    
      50     25     55     92     96     56     62     18     65     44     37     57     97     44     20     63     80     46     31     38     67     80     79     69     94      9     29     25     45     99     28     93     80     72     73     49     72     82     63     69     85     18     71     91     33      0     54     89      5    105     39     50    
      13     36     64     55     42     26     19     66     36     30     27     15     57     10     43     43     53     61     26     27     30     47     65     61     42     63     44     31     17     49     52     60     31     29     46     46     20     28     36     49     37     39     50     82     34     54      0     35     58     57     19     13    
      42     69     89     51      7     47     35    101     51     58     58     37     47     45     77     59     59     89     61     58     41     51     78     77     17     98     76     66     48     26     84     58     22     33     56     71     18      7     52     64     26     74     62     93     65     89     35      0     93     35     52     42    
      55     31     60     97    100     61     65     19     66     45     42     62    102     48     25     68     85     50     34     40     72     85     84     74     98      8     29     28     48    103     33     98     84     77     78     54     77     86     68     70     88     23     76     96     39      5     58     93      0    110     42     55    
      55     80     84     27     31     50     67    112     84     86     68     48     19     65     88     52     42     88     83     84     39     35     61     66     18    112    101     87     74      9     90     33     57     33     43     70     38     40     47     98     61     87     50     74     73    105     57     35    110      0     77     55    
      26     31     67     73     60     39     22     55     29     13     29     32     76     13     36     55     68     62      8      8     46     63     77     70     61     49     24     14      5     68     48     77     41     48     61     51     39     45     50     38     45     31     63     93     34     39     19     52     42     77      0     26    
       0     28     51     47     47     13     33     60     49     39     16      6     50     13     35     29     41     49     31     34     20     36     52     47     43     58     49     33     26     48     42     50     43     22     34     32     23     36     23     61     49     33     37     69     23     50     13     42     55     55     26      0   
   
      58     62     36     35     82     44     90     81    107     96     56     55     43     71     66     28     22     45     84     90     43     30      7     17     69     89    100     83     84     64     59     29     94     48     26     37     67     80     34    120    101     70     21     12     55     86     71     81     91     62     83     58    
      12     36     51     35     42      9     40     68     58     50     24      6     38     25     44     23     31     51     43     46      8     25     45     42     35     68     61     45     37     38     48     39     45     11     24     33     20     34     16     71     52     43     29     62     30     61     21     38     66     44     38     12    
      21     26     31     40     62     11     54     54     70     57     17     22     47     32     32     12     28     31     45     51     19     28     32     26     54     57     61     44     46     54     31     41     64     27     21     13     40     54     11     82     70     34     20     49     18     52     35     58     57     58     44     21    
       8     31     59     52     44     21     24     63     41     32     22     11     55      8     39     38     48     56     26     29     26     43     60     55     43     60     44     30     19     49     47     57     36     27     42     41     21     31     32     53     42     36     45     77     29     51      5     38     55     56     21      8    
      13     23     38     43     56      7     46     54     61     49     12     15     48     24     31     18     33     37     37     43     18     31     40     34     50     55     54     38     37     52     33     45     56     24     26     20     33     47     15     73     62     31     26     57     16     49     26     52     54     57     36     13    
      55     82     92     39     18     54     59    114     76     81     70     48     32     63     90     60     53     94     80     80     44     45     73     76     11    114     98     85     69     10     94     45     47     36     52     76     34     31     54     89     50     89     60     86     76    105     54     25    110     14     73     55    
      40     13     33     74     88     41     64     20     72     53     24     46     80     40      7     44     60     23     37     46     51     61     57     47     83     25     45     33     48     86      6     74     80     58     54     27     64     76     45     80     85     13     50     69     17     22     49     82     27     91     43     40    
      32     60     75     38     17     34     38     92     55     58     48     26     35     39     67     45     44     76     56     56     27     36     63     63     12     90     74     61     45     20     73     44     31     19     41     58      9     14     38     69     36     65     48     79     54     82     29     14     86     29     49     32    
      70     42     60    107    116     73     83     13     86     65     54     76    113     64     35     77     93     50     53     59     84     94     88     77    113     12     48     46     66    117     36    107    102     90     87     59     92    103     78     89    107     36     83     98     49     21     74    110     19    123     61     70   
   29   28   16   28   20   20   18   28   18   
20   22   17   21   23   27   23   30   28   20   
16   20   20   26   16   15   23   23   15   29   
15   29   26   16   28   29   18   29   15   16   
27   15   30   18   15   19   22   18   24   26   
20  
     28   71        240   310        244   314        134   208        258   336         99   183        274   338        216   296        168   232     
   153   231        140   214         51   113        152   214        156   240        160   234        308   372        357   401        262   324         34   99     
   299   373         97   159        380   408        298   364         59   129        144   214        358   408        240   302        189   253        395   403     
    42   101        193   255        313   383        207   295         34   74        368   419        226   288        213   283        126   210        241   327     
   308   370         81   163        170   232        296   362        180   246        282   358        266   348        296   368        251   317        151   219     
   327   411     
