1 7 40 1 1 480
       0     35     18     42     59     15     39     49     53     24     47     45     34     58     27     45     41     19     42     28     25     40     32     67     61     40     43     38     45     45     53     43     62     50     47     22      7     43     22     53     53      0    
      35      0     51     11     95     50     10     16     86     51     83     10     20     23     11     69     59     55     73     51     16     50      6     85     30      5     78     72     65     26     84     23     67     16     55     45     39     57     38     28     58     35    
      18     51      0     59     45     17     52     61     35     34     34     61     43     74     41     27     54     13     43     16     37     55     46     77     79     55     38     20     55     52     34     62     53     67     62     35     12     56     20     72     47     18    
      42     11     59      0    102     56     20     21     94     53     89      5     31     17     21     79     58     61     76     61     26     47     17     82     20     11     83     80     64     36     93     14     78      8     51     46     47     55     49     17     69     42    
      59     95     45    102      0     46     97    106     21     57     12    104     88    118     85     48     71     40     43     54     82     80     91     83    120    100     28     27     69     97     28    101     85    110     84     63     55     76     64    111     83     59    
      15     50     17     56     46      0     54     64     44     17     33     59     49     73     42     44     37      7     28     33     40     40     47     60     73     55     28     30     38     60     46     54     70     64     46     20     15     40     32     65     63     15    
      39     10     52     20     97     54      0      9     85     58     85     17     12     26     12     66     68     58     80     49     14     60      8     95     38      9     83     72     74     16     83     34     59     23     65     52     41     67     36     37     50     39    
      49     16     61     21    106     64      9      0     95     67     95     17     20     20     21     74     76     68     89     58     24     67     17    102     35     12     92     81     81     19     92     36     63     21     72     61     51     74     45     37     55     49    
      53     86     35     94     21     44     85     95      0     60     22     96     75    109     75     28     78     37     54     38     71     83     81     94    114     90     40     14     77     82      6     97     65    102     89     64     47     82     50    107     63     53    
      24     51     34     53     57     17     58     67     60      0     45     57     56     70     46     62     19     24     23     49     46     23     50     43     67     56     32     47     21     67     63     47     85     61     29      6     29     22     46     57     77     24    
      47     83     34     89     12     33     85     95     22     45      0     92     77    106     73     43     60     27     33     46     70     68     79     73    107     87     18     19     58     86     28     88     80     97     72     50     43     64     53     99     76     47    
      45     10     61      5    104     59     17     17     96     57     92      0     29     13     21     80     63     64     80     62     26     52     16     88     21      8     86     82     69     33     95     20     76      6     57     50     49     60     49     20     67     45    
      34     20     43     31     88     49     12     20     75     56     77     29      0     38     12     54     69     51     76     37     10     63     14     96     50     21     77     62     74     11     72     43     47     35     69     51     34     69     25     48     38     34    
      58     23     74     17    118     73     26     20    109     70    106     13     38      0     34     91     75     78     94     74     38     64     28     98     17     19    100     95     81     39    107     28     83     10     67     64     63     72     61     23     74     58    
      27     11     41     21     85     42     12     21     75     46     73     21     12     34      0     58     58     46     68     40      5     51      5     84     41     14     71     61     63     23     73     31     58     27     57     41     30     57     27     38     49     27    
      45     69     27     79     48     44     66     74     28     62     43     80     54     91     58      0     81     39     66     18     53     83     63    104    100     72     56     24     83     59     22     86     37     86     90     63     38     84     30     94     35     45    
      41     59     54     58     71     37     68     76     78     19     60     63     69     75     58     81      0     43     30     68     59     12     60     26     66     64     44     65      6     80     81     47    103     65     13     19     47      5     63     56     95     41    
      19     55     13     61     40      7     58     68     37     24     27     64     51     78     46     39     43      0     29     30     43     47     51     65     79     60     26     23     44     62     39     61     67     69     53     27     17     46     31     71     60     19    
      42     73     43     76     43     28     80     89     54     23     33     80     76     94     68     66     30     29      0     59     67     40     72     40     90     79     15     44     26     87     58     70     97     84     43     30     43     34     60     80     90     42    
      28     51     16     61     54     33     49     58     38     49     46     62     37     74     40     18     68     30     59      0     35     68     46     93     82     55     53     27     71     44     35     68     37     68     75     49     22     71     13     76     31     28    
      25     16     37     26     82     40     14     24     71     46     70     26     10     38      5     53     59     43     67     35      0     53     10     86     46     19     69     57     64     21     69     36     53     32     59     41     26     59     22     43     44     25    
      40     50     55     47     80     40     60     67     83     23     68     52     63     64     51     83     12     47     40     68     53      0     52     35     55     55     53     70     18     74     86     36    101     54      6     20     46      8     61     44     92     40    
      32      6     46     17     91     47      8     17     81     50     79     16     14     28      5     63     60     51     72     46     10     52      0     86     36      9     75     67     65     22     79     28     61     22     57     44     35     59     33     34     52     32    
      67     85     77     82     83     60     95    102     94     43     73     88     96     98     84    104     26     65     40     93     86     35     86      0     88     90     55     84     22    107     99     70    129     88     31     46     72     27     89     78    121     67    
      61     30     79     20    120     73     38     35    114     67    107     21     50     17     41    100     66     79     90     82     46     55     36     88      0     29     99     99     73     53    113     20     97     15     57     60     66     63     69     10     88     61    
      40      5     55     11    100     55      9     12     90     56     87      8     21     19     14     72     64     60     79     55     19     55      9     90     29      0     83     76     70     25     88     25     68     14     60     50     44     62     42     28     59     40    
      43     78     38     83     28     28     83     92     40     32     18     86     77    100     71     56     44     26     15     53     69     53     75     55     99     83      0     33     41     88     45     79     90     91     57     38     43     48     57     89     84     43    
      38     72     20     80     27     30     72     81     14     47     19     82     62     95     61     24     65     23     44     27     57     70     67     84     99     76     33      0     65     70     16     82     60     87     76     50     32     69     37     92     56     38    
      45     65     55     64     69     38     74     81     77     21     58     69     74     81     63     83      6     44     26     71     64     18     65     22     73     70     41     65      0     85     80     53    106     71     18     23     50     10     67     62     99     45    
      45     26     52     36     97     60     16     19     82     67     86     33     11     39     23     59     80     62     87     44     21     74     22    107     53     25     88     70     85      0     79     50     44     38     80     62     45     80     33     53     36     45    
      53     84     34     93     28     46     83     92      6     63     28     95     72    107     73     22     81     39     58     35     69     86     79     99    113     88     45     16     80     79      0     97     59    101     92     66     46     85     47    106     57     53    
      43     23     62     14    101     54     34     36     97     47     88     20     43     28     31     86     47     61     70     68     36     36     28     70     20     25     79     82     53     50     97      0     89     18     39     40     50     44     56     10     80     43    
      62     67     53     78     85     70     59     63     65     85     80     76     47     83     58     37    103     67     97     37     53    101     61    129     97     68     90     60    106     44     59     89      0     82    108     84     56    105     40     95      9     62    
      50     16     67      8    110     64     23     21    102     61     97      6     35     10     27     86     65     69     84     68     32     54     22     88     15     14     91     87     71     38    101     18     82      0     57     54     55     62     55     16     73     50    
      47     55     62     51     84     46     65     72     89     29     72     57     69     67     57     90     13     53     43     75     59      6     57     31     57     60     57     76     18     80     92     39    108     57      0     26     53      8     68     47     99     47    
      22     45     35     46     63     20     52     61     64      6     50     50     51     64     41     63     19     27     30     49     41     20     44     46     60     50     38     50     23     62     66     40     84     54     26      0     27     21     44     51     75     22    
       7     39     12     47     55     15     41     51     47     29     43     49     34     63     30     38     47     17     43     22     26     46     35     72     66     44     43     32     50     45     46     50     56     55     53     27      0     49     17     59     48      7    
      43     57     56     55     76     40     67     74     82     22     64     60     69     72     57     84      5     46     34     71     59      8     59     27     63     62     48     69     10     80     85     44    105     62      8     21     49      0     65     52     96     43    
      22     38     20     49     64     32     36     45     50     46     53     49     25     61     27     30     63     31     60     13     22     61     33     89     69     42     57     37     67     33     47     56     40     55     68     44     17     65      0     64     31     22    
      53     28     72     17    111     65     37     37    107     57     99     20     48     23     38     94     56     71     80     76     43     44     34     78     10     28     89     92     62     53    106     10     95     16     47     51     59     52     64      0     86     53    
      53     58     47     69     83     63     50     55     63     77     76     67     38     74     49     35     95     60     90     31     44     92     52    121     88     59     84     56     99     36     57     80      9     73     99     75     48     96     31     86      0     53    
       0     35     18     42     59     15     39     49     53     24     47     45     34     58     27     45     41     19     42     28     25     40     32     67     61     40     43     38     45     45     53     43     62     50     47     22      7     43     22     53     53      0   
  
      45     80     36     86     20     30     84     94     32     38     10     89     77    103     72     51     51     25     23     50     69     59     77     63    103     85      8     27     48     87     38     83     86     94     64     44     43     55     56     94     81     45    
      54     53     51     64     90     65     44     48     71     79     82     61     33     68     45     43     96     64     93     36     41     92     47    122     82     53     89     63    100     29     65     76     15     67     98     76     50     96     33     81      9     54    
      34      6     51      8     93     48     16     22     86     46     81     11     25     25     14     71     53     53     69     53     19     44     10     79     28     10     75     71     59     33     85     18     72     16     49     40     38     51     40     24     62     34    
      12     26     24     35     69     27     28     38     59     35     57     36     22     50     16     45     51     30     54     27     13     47     22     77     55     31     55     45     55     33     58     40     54     42     53     31     13     51     16     49     45     12    
      29     30     47     28     82     36     39     46     80     27     70     33     43     45     31     74     30     43     50     57     34     20     31     55     39     34     59     66     36     54     81     19     85     35     26     20     36     27     47     30     76     29    
      32     25     51     22     88     41     35     41     85     33     75     27     41     39     28     76     36     48     56     59     32     25     28     60     33     29     65     70     42     50     85     13     85     29     30     26     39     33     48     24     75     32    
      47     13     61     17    106     62     10      5     95     64     94     12     22     16     20     76     72     67     86     59     24     62     15     98     30      8     91     81     78     23     93     31     67     16     67     58     50     70     46     32     58     47   
  20   15   21   27   26   18   24   29   30   
24   21   23   26   23   15   22   30   21   16   
28   30   15   22   16   15   22   16   28   30   
28   21   30   26   27   30   23   21   15   24   
15  
        35   99         75   153        153   235        116   204        285   347        165   231        168   240         53   101        152   212     
   199   267        240   304         34   116        317   385        254   328        128   192        315   375        350   431        277   355        203   291     
   378   427         40   75        250   326        349   391        274   358        150   234        375   415        148   218        133   213        122   196     
    90   162        184   252        132   214        131   209         47   96         29   111          9   73        393   416        192   260        367   403     
   338   410    

