1 5 30 1 1 480
       0     42     29     41     44     45     14     30     26     43     47     44     38     52     39     33     51     12     66     23     34     31     36     25     18     30      6     54     28     45     36      0    
      42      0     24     83     31     79     52     33     61     65     33     70     52     15     48     71     93     50     36     19     47     47     72     66     28     36     42     37     55     27     75     42    
      29     24      0     67     46     56     32     39     54     66     19     45     57     26     55     62     79     40     37     14     52     23     50     53     26     12     25     26     52     16     53     29    
      41     83     67      0     80     36     34     65     36     55     81     50     62     92     66     29     18     37    103     64     61     55     31     20     58     62     42     88     46     82     22     41    
      44     31     46     80      0     89     58     15     47     42     62     85     28     46     22     57     83     43     67     32     24     65     81     60     26     57     48     67     38     56     80     44    
      45     79     56     36     89      0     31     75     60     80     62     17     81     82     83     58     54     50     85     61     78     34      8     44     62     46     41     68     67     65     14     45    
      14     52     32     34     58     31      0     44     35     54     47     31     52     58     53     38     48     22     69     33     48     23     22     25     31     28     10     54     39     47     23     14    
      30     33     39     65     15     75     44      0     33     32     58     73     19     48     16     43     68     28     68     25     14     55     67     45     14     48     34     64     24     53     65     30    
      26     61     54     36     47     60     35     33      0     20     73     66     25     74     29     10     36     14     91     44     25     57     51     17     33     57     32     80     10     71     46     26    
      43     65     66     55     42     80     54     32     20      0     86     86     14     80     19     26     50     32     99     53     18     74     72     37     41     72     49     92     15     82     67     43    
      47     33     19     81     62     62     47     58     73     86      0     48     76     25     74     81     96     59     23     33     71     28     58     71     45     19     43      7     72      6     64     47    
      44     70     45     50     85     17     31     73     66     86     48      0     83     69     84     67     68     54     70     54     79     22     19     53     59     34     39     52     71     52     27     44    
      38     52     57     62     28     81     52     19     25     14     76     83      0     68      5     34     60     30     87     43      5     68     73     42     31     64     44     82     15     71     69     38    
      52     15     26     92     46     82     58     48     74     80     25     69     68      0     64     83    103     61     21     29     63     48     76     77     41     36     50     26     69     19     80     52    
      39     48     55     66     22     83     53     16     29     19     74     84      5     64      0     39     65     32     84     41      5     68     74     45     29     63     45     80     19     69     71     39    
      33     71     62     29     57     58     38     43     10     26     81     67     34     83     39      0     26     22     99     53     35     61     50     14     43     63     38     88     20     79     44     33    
      51     93     79     18     83     54     48     68     36     50     96     68     60    103     65     26      0     43    117     74     61     71     49     26     65     77     54    103     46     95     41     51    
      12     50     40     37     43     50     22     28     14     32     59     54     30     61     32     22     43      0     77     32     27     43     42     17     22     42     18     66     17     57     39     12    
      66     36     37    103     67     85     69     68     91     99     23     70     87     21     84     99    117     77      0     46     82     51     81     91     59     41     63     18     87     21     87     66    
      23     19     14     64     32     61     33     25     44     53     33     54     43     29     41     53     74     32     46      0     38     33     54     47     12     24     23     39     40     28     56     23    
      34     47     52     61     24     78     48     14     25     18     71     79      5     63      5     35     61     27     82     38      0     64     70     40     26     59     40     77     15     66     66     34    
      31     47     23     55     65     34     23     55     57     74     28     22     68     48     68     61     71     43     51     33     64      0     30     49     40     12     25     34     59     31     36     31    
      36     72     50     31     81      8     22     67     51     72     58     19     73     76     74     50     49     42     81     54     70     30      0     36     54     41     33     64     58     61      8     36    
      25     66     53     20     60     44     25     45     17     37     71     53     42     77     45     14     26     17     91     47     40     49     36      0     39     52     28     78     26     70     30     25    
      18     28     26     58     26     62     31     14     33     41     45     59     31     41     29     43     65     22     59     12     26     40     54     39      0     34     21     51     28     41     54     18    
      30     36     12     62     57     46     28     48     57     72     19     34     64     36     63     63     77     42     41     24     59     12     41     52     34      0     25     26     57     20     46     30    
       6     42     25     42     48     41     10     34     32     49     43     39     44     50     45     38     54     18     63     23     40     25     33     28     21     25      0     50     34     41     33      6    
      54     37     26     88     67     68     54     64     80     92      7     52     82     26     80     88    103     66     18     39     77     34     64     78     51     26     50      0     79     11     71     54    
      28     55     52     46     38     67     39     24     10     15     72     71     15     69     19     20     46     17     87     40     15     59     58     26     28     57     34     79      0     68     54     28    
      45     27     16     82     56     65     47     53     71     82      6     52     71     19     69     79     95     57     21     28     66     31     61     70     41     20     41     11     68      0     66     45    
      36     75     53     22     80     14     23     65     46     67     64     27     69     80     71     44     41     39     87     56     66     36      8     30     54     46     33     71     54     66      0     36    
       0     42     29     41     44     45     14     30     26     43     47     44     38     52     39     33     51     12     66     23     34     31     36     25     18     30      6     54     28     45     36      0   
   
      33     73     62     20     64     50     34     49     17     35     80     61     42     85     47      9     19     23     99     55     42     57     43      8     46     61     37     87     27     78     36     33    
      58     95     87     39     78     75     61     65     33     37    106     87     50    108     56     25     23     47    124     78     53     85     69     36     67     88     63    113     40    104     61     58    
      63     89     64     59    104     23     49     92     81    102     64     19    101     87    102     81     77     71     86     74     98     41     30     67     78     52     58     68     88     69     37     63    
      47     65     68     62     39     86     59     32     26      6     87     91     12     80     17     32     56     36    100     55     17     78     78     43     42     75     53     94     19     83     73     47    
      39     58     60     58     34     80     51     25     21      7     80     83      6     73     12     29     54     29     92     47     10     70     71     38     34     67     45     86     12     75     67     39   
16   22   15   16   24   30   24   15   26   
19   15   17   18   24   21   23   16   16   28   
26   26   23   25   22   24   26   24   26   22   
26   
72   142         29   100        141   227        207   285         80   152        345   429        133   201        223   295        192   270     
   164   248         70   138         90   156        134   200         64   128        150   212        130   216        296   384         81   145        174   238     
   181   257         31   74        234   300        253   319         18   85        185   269        365   435        143   229         28   95         45   116     
   363   418        

