1 5 30 1 1 480
       0     21     14     44     53     24     56     47     48     21     40     34     26     42     58     38     31     47     49     46     23     24     28     36     23     52     40     51     22     40     36      0    
      21      0     34     55     50     25     40     33     55      8     46     45     47     33     53     42     38     30     56     65     23     32     11     56      7     68     46     57     38     29     18     21    
      14     34      0     50     51     26     70     61     55     31     34     40     17     56     58     34     25     61     41     31     36     20     42     22     37     37     50     60     26     54     50     14    
      44     55     50      0     97     69     61     52      8     60     83     10     42     41    103     83     74     60     91     70     32     68     52     59     50     82     14     14     23     45     55     44    
      53     50     51     97      0     28     87     81    100     42     21     87     68     84      8     17     26     76     24     64     71     31     60     62     57     55     92    104     74     79     66     53    
      24     25     26     69     28      0     65     58     72     17     21     58     43     58     33     17     13     54     31     50     43     10     36     44     32     49     64     75     46     54     43     24    
      56     40     70     61     87     65      0     10     56     48     86     57     78     19     87     81     78     11     96    102     37     73     29     91     34    107     46     53     59     18     21     56    
      47     33     61     52     81     58     10      0     48     41     79     47     68     11     83     75     71      9     89     92     27     65     22     82     26     98     38     45     49      8     15     47    
      48     55     55      8    100     72     56     48      0     61     88     15     49     37    105     86     78     56     96     77     32     72     50     66     50     89     10      6     28     41     53     48    
      21      8     31     60     42     17     48     41     61      0     38     50     46     41     45     34     30     37     48     61     29     25     19     53     15     63     52     63     41     37     26     21    
      40     46     34     83     21     21     86     79     88     38      0     73     49     79     29      6      9     75     10     43     62     15     57     42     53     35     81     92     60     75     65     40    
      34     45     40     10     87     58     57     47     15     50     73      0     34     37     92     72     64     53     81     62     24     57     43     51     41     74     13     21     13     39     48     34    
      26     47     17     42     68     43     78     68     49     46     49     34      0     61     75     51     41     71     54     28     41     37     53     17     48     40     47     55     22     60     61     26    
      42     33     56     41     84     58     19     11     37     41     79     37     61      0     86     75     70     19     89     87     20     64     23     76     26     94     27     34     41      5     20     42    
      58     53     58    103      8     33     87     83    105     45     29     92     75     86      0     24     33     76     32     72     75     38     62     70     60     63     97    108     80     81     68     58    
      38     42     34     83     17     17     81     75     86     34      6     72     51     75     24      0      9     71     15     48     59     14     53     45     49     41     79     90     59     71     60     38    
      31     38     25     74     26     13     78     71     78     30      9     64     41     70     33      9      0     68     19     40     52      6     49     37     44     36     71     82     51     66     57     31    
      47     30     61     60     76     54     11      9     56     37     75     53     71     19     76     71     68      0     86     93     31     62     19     83     24     98     46     54     54     15     11     47    
      49     56     41     91     24     31     96     89     96     48     10     81     54     89     32     15     19     86      0     42     71     25     67     44     63     32     90    100     67     85     75     49    
      46     65     31     70     64     50    102     92     77     61     43     62     28     87     72     48     40     93     42      0     66     40     74     11     69     15     75     83     50     85     82     46    
      23     23     36     32     71     43     37     27     32     29     62     24     41     20     75     59     52     31     71     66      0     46     19     55     17     74     22     33     22     19     24     23    
      24     32     20     68     31     10     73     65     72     25     15     57     37     64     38     14      6     62     25     40     46      0     43     35     39     38     65     76     45     60     51     24    
      28     11     42     52     60     36     29     22     50     19     57     43     53     23     62     53     49     19     67     74     19     43      0     64      5     78     40     51     39     18      8     28    
      36     56     22     59     62     44     91     82     66     53     42     51     17     76     70     45     37     83     44     11     55     35     64      0     59     23     63     72     38     74     72     36    
      23      7     37     50     57     32     34     26     50     15     53     41     48     26     60     49     44     24     63     69     17     39      5     59      0     73     40     51     36     22     13     23    
      52     68     37     82     55     49    107     98     89     63     35     74     40     94     63     41     36     98     32     15     74     38     78     23     73      0     86     95     61     92     87     52    
      40     46     50     14     92     64     46     38     10     52     81     13     47     27     97     79     71     46     90     75     22     65     40     63     40     86      0     11     25     31     42     40    
      51     57     60     14    104     75     53     45      6     63     92     21     55     34    108     90     82     54    100     83     33     76     51     72     51     95     11      0     34     39     52     51    
      22     38     26     23     74     46     59     49     28     41     60     13     22     41     80     59     51     54     67     50     22     45     39     38     36     61     25     34      0     41     45     22    
      40     29     54     45     79     54     18      8     41     37     75     39     60      5     81     71     66     15     85     85     19     60     18     74     22     92     31     39     41      0     14     40    
      36     18     50     55     66     43     21     15     53     26     65     48     61     20     68     60     57     11     75     82     24     51      8     72     13     87     42     52     45     14      0     36    
       0     21     14     44     53     24     56     47     48     21     40     34     26     42     58     38     31     47     49     46     23     24     28     36     23     52     40     51     22     40     36      0   
    
      46     25     59     69     63     45     25     24     67     29     66     62     72     33     63     60     59     15     76     90     38     55     19     81     23     92     57     66     58     27     14     46    
      33     52     18     61     55     38     89     79     68     48     34     53     19     74     63     38     30     80     37     13     54     28     60      7     55     21     65     74     40     72     69     33    
      18     24     30     31     68     40     43     33     32     29     58     21     34     26     73     56     48     37     67     60      6     42     23     49     20     68     23     35     16     26     29     18    
      31     52     18     53     63     43     86     76     60     49     43     45     11     70     71     46     37     78     47     17     49     34     59      6     54     29     57     66     32     69     68     31    
      33     53     19     61     56     39     89     80     68     49     35     53     19     75     64     39     31     81     38     12     54     29     61      6     56     21     65     74     40     73     70     33   
  19   22   19   30   19   27   20   20   19   
29   22   22   21   18   27   27   28   19   25   
30   18   15   28   17   19   23   17   21   16   
16   
  21   96        189   263         96   172        320   397        182   260        268   334        263   327        133   205         71   159     
   118   204        342   424         40   116        177   263         73   133        222   290         86   150        310   388        311   383        131   191     
   130   198         81   163         28   82        363   416        221   299         52   89         61   125        220   300        247   321         96   178     
   102   176        

