1 9 50 1 1 480
       0     60     44     44     47     25     65     48     48     13     13     52     42     36     50     32     26     30     30     31     55     50     39     13     40     24     26     45     53     12     44     59     55     43     50     21     16     55     47     28     58     55     39     35     49     58     50     32     36     42     22      0    
      60      0     42    103    103     65     86     63     12     65     73     10    102     32     32     83     53     48     89     80     74     66     83     55     87     43     35     54    114     51     79     97      8     72     51     81     59     87     90     44     91    114     77     28     93    118    107     92     61     26     82     60    
      44     42      0     87     70     31    100     78     33     56     56     42     83     14     11     49     20     56     73     75     88     24     46     32     84     46     37     12     92     44     83     56     34     31     72     64     31     94     90     51     49     97     80     21     54     99     75     68     21     17     61     44    
      44    103     87      0     41     58     68     66     92     38     31     94      5     81     95     49     67     60     14     29     65     85     58     55     31     61     68     84     16     52     47     75    100     74     76     23     55     51     36     62     80     10     43     80     63     15     40     23     72     87     25     44    
      47    103     70     41      0     39    101     90     90     52     39     96     36     72     81     21     51     76     38     59     94     57     26     47     65     71     72     63     33     59     78     36     96     45     96     38     43     86     73     75     43     45     73     75     25     42      5     21     50     79     30     47    
      25     65     31     58     39      0     90     72     53     37     31     60     54     33     42     18     12     52     46     54     79     27     19     14     63     43     40     26     61     33     69     36     58     18     72     38      9     79     71     48     34     67     64     37     29     68     44     37     14     40     33     25    
      65     86    100     68    101     90      0     23     80     53     64     76     72     86    100     96     89     43     64     42     12    114    104     77     38     53     63    106     85     58     23    123     88    108     35     64     81     17     32     48    124     75     28     81    113     82    102     80    100     87     71     65    
      48     63     78     66     90     72     23      0     57     38     51     53     68     64     77     80     68     21     57     36     11     93     87     58     36     31     40     85     81     38     21    107     65     89     14     53     63     26     35     26    106     74     23     58     97     81     92     70     80     64     60     48    
      48     12     33     92     90     53     80     57      0     53     61      8     90     21     26     70     41     39     77     69     68     57     71     42     77     32     23     45    102     39     70     86      8     61     46     69     46     79     80     35     80    102     68     16     81    106     94     80     50     15     70     48    
      13     65     56     38     52     37     53     38     53      0     13     55     38     46     61     42     39     24     25     19     43     63     50     25     28     23     29     58     51     13     31     70     61     56     44     18     29     42     34     24     70     49     26     44     59     54     55     34     49     50     23     13    
      13     73     56     31     39     31     64     51     61     13      0     65     29     50     64     31     37     37     17     23     55     58     40     24     32     34     38     56     40     22     41     60     69     49     57      8     26     50     40     36     61     41     36     49     48     45     42     21     45     55     10     13    
      52     10     42     94     96     60     76     53      8     55     65      0     93     29     35     77     49     38     80     70     64     66     79     49     77     33     26     54    105     42     68     94     13     69     41     72     53     77     80     34     88    105     67     24     89    109    100     85     58     24     74     52    
      42    102     83      5     36     54     72     68     90     38     29     93      0     78     92     44     63     61     13     32     68     80     53     52     34     61     67     80     13     51     50     69     98     69     78     21     52     56     41     62     74     13     46     78     57     16     34     18     68     84     21     42    
      36     32     14     81     72     33     86     64     21     46     50     29     78      0     15     51     21     43     67     64     74     36     51     26     73     32     23     25     88     33     71     65     24     40     57     58     29     81     79     37     59     91     68      6     61     94     77     65     29      6     57     36    
      50     32     11     95     81     42    100     77     26     61     64     35     92     15      0     60     30     57     81     79     88     35     58     39     88     47     37     23    101     48     86     67     24     42     69     72     40     96     94     52     60    105     83     19     66    108     86     78     33     13     70     50    
      32     83     49     49     21     18     96     80     70     42     31     77     44     51     60      0     30     62     39     55     86     38      9     29     63     55     55     42     47     44     72     28     76     25     83     34     24     82     71     60     31     57     67     55     17     56     26     26     29     58     27     32    
      26     53     20     67     51     12     89     68     41     39     37     49     63     21     30     30      0     47     53     57     77     25     30     13     66     37     31     19     71     30     69     45     45     22     66     44     11     80     73     43     41     76     65     25     40     78     56     48     12     27     41     26    
      30     48     56     60     76     52     43     21     39     24     37     38     61     43     57     62     47      0     48     33     31     72     68     37     38     10     19     63     74     18     30     88     48     68     20     42     42     40     41      5     86     71     28     37     78     76     79     58     59     44     47     30    
      30     89     73     14     38     46     64     57     77     25     17     80     13     67     81     39     53     48      0     21     58     73     49     41     26     48     54     71     26     38     40     67     85     62     66      8     41     48     34     49     71     25     36     66     55     29     38     17     60     72     13     30    
      31     80     75     29     59     54     42     36     69     19     23     70     32     64     79     55     57     33     21      0     36     81     64     44      9     37     46     76     45     31     19     83     78     73     47     21     47     27     16     36     85     39     14     62     72     45     60     37     67     69     29     31    
      55     74     88     65     94     79     12     11     68     43     55     64     68     74     88     86     77     31     58     36      0    102     94     65     34     41     50     94     81     47     18    114     76     97     24     56     70     17     30     36    113     72     22     68    103     79     95     73     89     75     63     55    
      50     66     24     85     57     27    114     93     57     63     58     66     80     36     35     38     25     72     73     81    102      0     31     37     90     62     55     12     85     55     94     34     58     12     90     65     33    105     97     67     25     93     89     42     36     94     62     62     13     41     60     50    
      39     83     46     58     26     19    104     87     71     50     40     79     53     51     58      9     30     68     49     64     94     31      0     32     72     61     58     37     56     50     81     19     76     18     89     43     27     91     80     66     21     66     76     55     10     65     31     35     25     58     36     39    
      13     55     32     55     47     14     77     58     42     25     24     49     52     26     39     29     13     37     41     44     65     37     32      0     53     28     26     32     62     19     56     51     49     31     57     32      5     67     60     34     49     65     52     28     42     68     52     38     23     33     30     13    
      40     87     84     31     65     63     38     36     77     28     32     77     34     73     88     63     66     38     26      9     34     90     72     53      0     44     53     85     47     40     16     92     85     82     49     29     56     21      7     42     94     38     13     70     80     45     65     43     76     77     36     40    
      24     43     46     61     71     43     53     31     32     23     34     33     61     32     47     55     37     10     48     37     41     62     61     28     44      0     10     53     73     12     39     79     41     59     29     40     34     49     48      5     77     72     36     28     71     77     74     55     49     35     44     24    
      26     35     37     68     72     40     63     40     23     29     38     26     67     23     37     55     31     19     54     46     50     55     58     26     53     10      0     45     79     16     49     76     32     54     35     46     31     59     58     14     73     79     46     18     68     83     76     59     43     25     48     26    
      45     54     12     84     63     26    106     85     45     58     56     54     80     25     23     42     19     63     71     76     94     12     37     32     85     53     45      0     87     48     87     44     46     20     80     63     30     98     92     58     37     94     83     31     44     95     68     64     13     29     59     45    
      53    114     92     16     33     61     85     81    102     51     40    105     13     88    101     47     71     74     26     45     81     85     56     62     47     73     79     87      0     63     63     69    109     73     91     33     60     68     52     75     76     13     59     89     58      9     30     23     75     95     31     53    
      12     51     44     52     59     33     58     38     39     13     22     42     51     33     48     44     30     18     38     31     47     55     50     19     40     12     16     48     63      0     39     69     48     50     39     30     24     50     46     16     68     62     35     30     60     67     62     43     42     37     32     12    
      44     79     83     47     78     69     23     21     70     31     41     68     50     71     86     72     69     30     40     19     18     94     81     56     16     39     49     87     63     39      0    101     78     87     35     40     60     10     13     35    102     54      5     67     89     61     79     56     80     74     48     44    
      59     97     56     75     36     36    123    107     86     70     60     94     69     65     67     28     45     88     67     83    114     34     19     51     92     79     76     44     69     69    101      0     89     25    108     63     45    111     99     85      9     81     96     70     12     78     40     52     36     71     55     59    
      55      8     34    100     96     58     88     65      8     61     69     13     98     24     24     76     45     48     85     78     76     58     76     49     85     41     32     46    109     48     78     89      0     64     53     77     52     87     89     43     83    110     76     21     85    114    101     87     53     18     77     55    
      43     72     31     74     45     18    108     89     61     56     49     69     69     40     42     25     22     68     62     73     97     12     18     31     82     59     54     20     73     50     87     25     64      0     88     55     27     98     89     65     19     82     83     45     24     82     50     51     11     46     49     43    
      50     51     72     76     96     72     35     14     46     44     57     41     78     57     69     83     66     20     66     47     24     90     89     57     49     29     35     80     91     39     35    108     53     88      0     61     63     40     48     23    106     86     36     51     99     92     99     78     78     56     67     50    
      21     81     64     23     38     38     64     53     69     18      8     72     21     58     72     34     44     42      8     21     56     65     43     32     29     40     46     63     33     30     40     63     77     55     61      0     33     49     36     42     65     33     35     57     51     37     39     17     52     63      7     21    
      16     59     31     55     43      9     81     63     46     29     26     53     52     29     40     24     11     42     41     47     70     33     27      5     56     34     31     30     60     24     60     45     52     27     63     33      0     71     63     39     43     65     56     31     37     67     48     37     19     35     30     16    
      55     87     94     51     86     79     17     26     79     42     50     77     56     81     96     82     80     40     48     27     17    105     91     67     21     49     59     98     68     50     10    111     87     98     40     49     71      0     15     45    112     58     15     77     99     65     87     65     91     84     57     55    
      47     90     90     36     73     71     32     35     80     34     40     80     41     79     94     71     73     41     34     16     30     97     80     60      7     48     58     92     52     46     13     99     89     89     48     36     63     15      0     45    102     43     13     75     88     50     73     51     83     82     44     47    
      28     44     51     62     75     48     48     26     35     24     36     34     62     37     52     60     43      5     49     36     36     67     66     34     42      5     14     58     75     16     35     85     43     65     23     42     39     45     45      0     83     73     33     32     76     78     78     58     55     39     47     28    
      58     91     49     80     43     34    124    106     80     70     61     88     74     59     60     31     41     86     71     85    113     25     21     49     94     77     73     37     76     68    102      9     83     19    106     65     43    112    102     83      0     86     97     64     18     85     47     56     30     65     58     58    
      55    114     97     10     45     67     75     74    102     49     41    105     13     91    105     57     76     71     25     39     72     93     66     65     38     72     79     94     13     62     54     81    110     82     86     33     65     58     43     73     86      0     51     91     69      7     43     31     82     97     35     55    
      39     77     80     43     73     64     28     23     68     26     36     67     46     68     83     67     65     28     36     14     22     89     76     52     13     36     46     83     59     35      5     96     76     83     36     35     56     15     13     33     97     51      0     64     84     57     74     52     76     71     43     39    
      35     28     21     80     75     37     81     58     16     44     49     24     78      6     19     55     25     37     66     62     68     42     55     28     70     28     18     31     89     30     67     70     21     45     51     57     31     77     75     32     64     91     64      0     65     94     79     66     34      7     57     35    
      49     93     54     63     25     29    113     97     81     59     48     89     57     61     66     17     40     78     55     72    103     36     10     42     80     71     68     44     58     60     89     12     85     24     99     51     37     99     88     76     18     69     84     65      0     67     29     39     33     67     43     49    
      58    118     99     15     42     68     82     81    106     54     45    109     16     94    108     56     78     76     29     45     79     94     65     68     45     77     83     95      9     67     61     78    114     82     92     37     67     65     50     78     85      7     57     94     67      0     39     31     82    100     37     58    
      50    107     75     40      5     44    102     92     94     55     42    100     34     77     86     26     56     79     38     60     95     62     31     52     65     74     76     68     30     62     79     40    101     50     99     39     48     87     73     78     47     43     74     79     29     39      0     22     55     83     32     50    
      32     92     68     23     21     37     80     70     80     34     21     85     18     65     78     26     48     58     17     37     73     62     35     38     43     55     59     64     23     43     56     52     87     51     78     17     37     65     51     58     56     31     52     66     39     31     22      0     51     72     11     32    
      36     61     21     72     50     14    100     80     50     49     45     58     68     29     33     29     12     59     60     67     89     13     25     23     76     49     43     13     75     42     80     36     53     11     78     52     19     91     83     55     30     82     76     34     33     82     55     51      0     35     47     36    
      42     26     17     87     79     40     87     64     15     50     55     24     84      6     13     58     27     44     72     69     75     41     58     33     77     35     25     29     95     37     74     71     18     46     56     63     35     84     82     39     65     97     71      7     67    100     83     72     35      0     63     42    
      22     82     61     25     30     33     71     60     70     23     10     74     21     57     70     27     41     47     13     29     63     60     36     30     36     44     48     59     31     32     48     55     77     49     67      7     30     57     44     47     58     35     43     57     43     37     32     11     47     63      0     22    
       0     60     44     44     47     25     65     48     48     13     13     52     42     36     50     32     26     30     30     31     55     50     39     13     40     24     26     45     53     12     44     59     55     43     50     21     16     55     47     28     58     55     39     35     49     58     50     32     36     42     22      0   
  
      43     44     63     73     90     63     42     19     38     38     51     34     74     48     60     76     57     14     61     44     30     81     81     49     48     20     26     71     87     31     36    100     46     79      9     56     54     44     49     15     98     83     36     42     91     89     93     72     69     47     61     43    
      43     96     62     47      8     31    102     89     84     50     38     90     41     65     73     13     44     73     41     60     93     48     17     41     67     67     67     54     41     55     78     28     89     36     93     38     37     87     75     71     35     52     73     68     17     50     13     24     41     72     30     43    
      40     96     84     11     48     58     58     55     85     31     27     87     14     76     91     52     64     51     12     19     54     85     61     52     20     53     61     83     27     45     36     79     93     74     66     20     53     41     26     53     83     19     32     75     67     25     48     28     72     81     25     40    
      39     64     73     56     81     64     27     10     56     29     41     53     58     59     74     71     61     17     47     26     15     87     79     50     28     26     36     79     71     31     15     98     64     82     21     43     55     23     28     22     98     65     15     54     88     71     82     60     73     61     50     39    
      36     96     76     13     30     46     74     67     84     33     22     88      8     71     84     36     55     57     10     31     68     72     45     44     36     56     61     72     17     45     50     62     91     61     75     15     44     57     43     58     67     21     46     71     50     23     30     10     60     77     14     36    
      45     95     89     25     63     66     44     45     84     33     34     84     29     79     94     64     71     47     24     14     41     93     73     58      8     51     60     90     41     46     24     92     93     84     57     29     60     27     12     50     95     31     21     76     80     38     62     41     80     83     36     45    
      40     91     84     22     58     61     46     45     81     28     29     81     25     75     90     58     66     44     19     11     43     88     68     53      9     48     57     85     38     42     25     86     89     79     57     24     55     30     15     47     89     29     21     72     74     36     58     36     74     79     31     40    
      48     51      8     88     68     30    107     85     42     60     59     51     84     23     19     47     22     64     75     79     95     16     42     35     88     53     45      5     92     50     89     49     42     25     80     66     33    100     95     59     41     98     85     29     49     99     73     68     17     26     63     48    
      18     47     26     63     56     20     77     56     34     30     31     41     60     18     32     36     12     35     48     49     65     37     39      8     58     25     20     29     70     19     58     56     40     34     54     39     12     69     64     31     52     73     54     19     49     76     60     47     24     24     38     18   
  29   27   19   16   16   16   20   20   25   
15   26   25   25   30   28   23   24   25   17   
28   17   15   23   26   17   21   29   23   28   
17   24   28   24   16   18   22   16   17   22   
24   18   23   21   23   17   27   20   29   20   
24   
     188   268        151   235        110   174        252   320         40   110        190   258        146   230        310   398        204   278     
   180   254        221   303         87   151        226   312        171   235         33   93        372   431         79   141        178   260         39   115     
    55   130         93   175        307   381        364   428        149   217         75   151        204   288        290   376        188   252        334   418     
   202   266         92   164         55   116         74   134         50   88        204   278        121   195         88   166        291   365        349   429     
   356   398        160   244        314   396         57   139        278   340        234   312        316   402        259   329         36   90        281   357     
    66   142        
