1 5 30 1 1 480
       0     67     36     50     47     46     51     40     20     43     32     30     37     46     30     36     51     38     21     28     43     39     42     61     19     24     43     54     40     49     59      0    
      67      0    100     17     45     65    118    107     84     25     95     97     37    103     85    100    118     29     87     72     80     97    107     89     47     82     33    100     48     26      9     67    
      36    100      0     83     83     54     21     20     16     75     38     18     74     55     18     36     34     72     31     32     39     48      7     53     54     43     79     71     59     77     93     36    
      50     17     83      0     34     54    101     90     67      9     78     80     23     87     69     83    101     13     70     57     67     81     90     78     30     65     20     85     36     17      9     50    
      47     45     83     34      0     76     95     82     67     37     63     73     15     64     76     68     88     26     59     69     83     61     89     98     35     48     13     57     60     49     36     47    
      46     65     54     54     76      0     75     71     46     45     75     64     61     92     35     77     86     51     64     23     18     84     60     24     42     70     65    100     18     39     63     46    
      51    118     21    101     95     75      0     14     34     93     38     22     88     51     40     33     20     89     37     53     59     46     15     73     71     49     94     69     80     97    110     51    
      40    107     20     90     82     71     14      0     26     83     24      9     76     38     37     19     15     78     23     48     58     33     18     73     60     35     82     56     73     88     99     40    
      20     84     16     67     67     46     34     26      0     59     32     18     57     49     15     32     40     56     22     23     35     42     22     52     38     33     63     62     47     63     77     20    
      43     25     75      9     37     45     93     83     59      0     73     73     23     82     60     77     94     10     64     48     58     76     82     69     23     60     23     83     27     12     18     43    
      32     95     38     78     63     75     38     24     32     73      0     19     60     17     47      5     25     65     11     53     67     10     39     85     49     14     65     33     72     81     86     32    
      30     97     18     80     73     64     22      9     18     73     19      0     66     36     31     17     22     68     15     41     52     30     20     68     50     28     72     52     64     78     89     30    
      37     37     74     23     15     61     88     76     57     23     60     66      0     66     64     65     84     12     53     56     69     61     80     84     22     46      5     62     45     35     28     37    
      46    103     55     87     64     92     51     38     49     82     17     36     66      0     64     19     34     74     28     70     85      7     56    102     61     23     71     18     86     92     94     46    
      30     85     18     69     76     35     40     37     15     60     47     31     64     64      0     47     52     60     37     13     21     57     25     38     42     47     69     77     41     61     79     30    
      36    100     36     83     68     77     33     19     32     77      5     17     65     19     47      0     20     71     14     55     68     13     36     85     54     20     71     36     75     85     92     36    
      51    118     34    101     88     86     20     15     40     94     25     22     84     34     52     20      0     88     31     63     73     31     31     88     71     39     90     52     87    101    110     51    
      38     29     72     13     26     51     89     78     56     10     65     68     12     74     60     71     88      0     57     50     62     68     79     75     18     52     13     73     34     23     21     38    
      21     87     31     70     59     64     37     23     22     64     11     15     53     28     37     14     31     57      0     42     56     20     34     74     40     13     59     41     61     71     79     21    
      28     72     32     57     69     23     53     48     23     48     53     41     56     70     13     55     63     50     42      0     15     63     38     33     34     50     61     81     28     48     67     28    
      43     80     39     67     83     18     59     58     35     58     67     52     69     85     21     68     73     62     56     15      0     77     44     17     48     65     73     96     32     54     76     43    
      39     97     48     81     61     84     46     33     42     76     10     30     61      7     57     13     31     68     20     63     77      0     50     95     54     16     66     22     79     86     89     39    
      42    107      7     90     89     60     15     18     22     82     39     20     80     56     25     36     31     79     34     38     44     50      0     58     60     47     86     72     66     84    100     42    
      61     89     53     78     98     24     73     73     52     69     85     68     84    102     38     85     88     75     74     33     17     95     58      0     63     83     87    114     42     63     87     61    
      19     47     54     30     35     42     71     60     38     23     49     50     22     61     42     54     71     18     40     34     48     54     60     63      0     38     27     64     29     31     39     19    
      24     82     43     65     48     70     49     35     33     60     14     28     46     23     47     20     39     52     13     50     65     16     47     83     38      0     51     30     63     70     73     24    
      43     33     79     20     13     65     94     82     63     23     65     72      5     71     69     71     90     13     59     61     73     66     86     87     27     51      0     66     47     35     24     43    
      54    100     71     85     57    100     69     56     62     83     33     52     62     18     77     36     52     73     41     81     96     22     72    114     64     30     66      0     92     94     90     54    
      40     48     59     36     60     18     80     73     47     27     72     64     45     86     41     75     87     34     61     28     32     79     66     42     29     63     47     92      0     21     45     40    
      49     26     77     17     49     39     97     88     63     12     81     78     35     92     61     85    101     23     71     48     54     86     84     63     31     70     35     94     21      0     24     49    
      59      9     93      9     36     63    110     99     77     18     86     89     28     94     79     92    110     21     79     67     76     89    100     87     39     73     24     90     45     24      0     59    
       0     67     36     50     47     46     51     40     20     43     32     30     37     46     30     36     51     38     21     28     43     39     42     61     19     24     43     54     40     49     59      0   
  
      48     84     73     71     41     93     76     62     61     69     38     56     48     29     75     43     61     59     42     76     91     30     76    109     53     29     51     16     82     81     75     48    
      36     41     61     28     51     26     81     73     47     19     68     63     36     82     44     72     86     25     58     31     39     75     68     50     22     59     38     86      8     16     37     36    
      51    116     39     99     84     89     27     19     43     93     21     25     82     27     55     16      7     87     29     66     77     25     37     93     70     36     87     45     88    100    108     51    
      44     54     79     42      9     78     89     76     64     43     55     67     20     55     73     61     81     32     52     68     83     53     84     99     36     41     21     47     63     55     45     44    
      31     68     62     53     29     74     70     56     48     51     34     48     31     36     60     40     60     41     33     59     75     32     67     92     34     21     35     32     63     62     59     31   
  21   19   26   26   27   30   20   28   18   
24   30   18   25   21   23   18   17   29   22   
22   19   26   19   26   23   29   25   18   30   
25   
 172   252        177   261         93   155        319   403        268   352        338   399        240   320        159   233        299   371     
   233   307        357   420        181   257        202   268        164   238        243   315        191   259        290   374        251   313        344   430     
    43   100        354   422        156   244        223   287         64   140        111   191         43   83        252   324        211   283         74   150     
   253   313       
