1 7 40 1 1 480
       0     45     43     42     20     44     59     14     41     31     20     49     50     45     58     53     30     47     49     48     54     24     36     48     27     37      9     38     47     32     39     33     47     43     20     38     19     51     53     65     44      0    
      45      0     62     16     64     28     25     54     70     56     64     16     92     86    100     93     33     40      5     20     78     23     79     81     58      9     45      8     10     51     80     78     68     75     60     48     28     96     57     97     88     45    
      43     62      0     48     51     79     86     56     82     11     55     76     46     41     54     41     69     85     68     50     96     43     69     87     18     59     52     54     56     12     74     58     90     84     29     15     41     64     19    103     72     43    
      42     16     48      0     62     42     41     54     75     44     62     32     83     78     92     82     41     52     21      7     85     18     78     85     47     18     45     10      7     38     81     75     75     79     51     33     23     91     42    102     86     42    
      20     64     51     62      0     59     76     14     34     40      5     67     39     34     44     45     44     58     68     68     48     44     18     36     33     56     21     58     67     44     23     13     45     33     22     52     39     32     66     52     24     20    
      44     28     79     42     59      0     19     44     51     69     56     16     95     90    102     98     15     11     26     48     54     36     67     62     68     24     38     31     38     66     66     71     44     56     64     67     38     91     80     76     77     44    
      59     25     86     41     76     19      0     62     70     78     73     10    109    104    117    111     33     27     20     45     72     43     85     81     78     26     55     32     35     74     85     88     62     75     77     72     47    108     82     95     95     59    
      14     54     56     54     14     44     62      0     26     44     11     54     53     48     59     58     29     43     57     61     39     36     25     33     39     45      9     48     57     47     26     26     34     28     30     53     31     46     68     50     34     14    
      41     70     82     75     34     51     70     26      0     71     29     65     71     67     75     78     38     43     72     83     14     58     25     11     65     62     33     67     77     73     21     37     13      5     55     79     55     55     94     26     35     41    
      31     56     11     44     40     69     78     44     71      0     44     68     42     37     50     39     58     75     62     47     84     34     58     76      7     51     40     48     52      7     63     48     78     72     18     16     31     57     26     92     62     31    
      20     64     55     62      5     56     73     11     29     44      0     65     44     39     49     50     41     55     67     69     43     44     16     32     37     55     19     58     67     48     20     14     40     29     26     55     39     35     70     48     24     20    
      49     16     76     32     67     16     10     54     65     68     65      0    100     94    107    101     27     27     12     36     70     33     78     76     68     16     46     22     26     63     78     80     59     70     67     62     37    100     73     91     88     49    
      50     92     46     83     39     95    109     53     71     42     44    100      0      5      8      9     81     96     97     88     84     69     47     70     37     85     57     84     90     49     53     34     83     69     32     58     64     24     65     80     42     50    
      45     86     41     78     34     90    104     48     67     37     39     94      5      0     13     11     75     91     92     82     81     63     44     67     31     79     51     78     85     44     50     31     79     66     26     53     58     25     61     78     41     45    
      58    100     54     92     44    102    117     59     75     50     49    107      8     13      0     14     87    103    105     96     88     77     49     72     45     93     63     92     99     57     55     37     87     72     40     66     72     23     73     82     44     58    
      53     93     41     82     45     98    111     58     78     39     50    101      9     11     14      0     84    100     98     86     92     69     55     78     35     86     60     84     90     46     61     42     90     77     33     54     65     34     60     89     51     53    
      30     33     69     41     44     15     33     29     38     58     41     27     81     75     87     84      0     16     33     48     45     29     52     49     56     25     24     31     41     57     51     56     34     43     51     59     29     76     73     65     62     30    
      47     40     85     52     58     11     27     43     43     75     55     27     96     91    103    100     16      0     38     59     45     44     63     54     72     34     39     42     49     73     61     69     35     49     68     75     45     90     88     68     73     47    
      49      5     68     21     68     26     20     57     72     62     67     12     97     92    105     98     33     38      0     25     78     28     82     82     63     12     48     14     15     57     83     82     68     76     65     54     33    100     63     99     91     49    
      48     20     50      7     68     48     45     61     83     47     69     36     88     82     96     86     48     59     25      0     92     25     85     92     51     24     52     17     10     40     87     81     82     86     56     34     29     97     40    109     93     48    
      54     78     96     85     48     54     72     39     14     84     43     70     84     81     88     92     45     45     78     92      0     69     38     16     79     69     45     76     85     86     32     50     10     15     69     92     66     67    107     23     46     54    
      24     23     43     18     44     36     43     36     58     34     44     33     69     63     77     69     29     44     28     25     69      0     60     67     35     17     26     15     23     31     62     57     60     62     36     31      5     74     44     84     68     24    
      36     79     69     78     18     67     85     25     25     58     16     78     47     44     49     55     52     63     82     85     38     60      0     23     51     70     34     73     82     63      6     13     39     23     40     71     55     29     85     35     10     36    
      48     81     87     85     36     62     81     33     11     76     32     76     70     67     72     78     49     54     82     92     16     67     23      0     69     72     41     77     87     79     17     36     21      6     59     86     64     51    101     17     29     48    
      27     58     18     47     33     68     78     39     65      7     37     68     37     31     45     35     56     72     63     51     79     35     51     69      0     52     36     49     54     13     56     41     73     66     11     22     31     50     34     85     55     27    
      37      9     59     18     56     24     26     45     62     51     55     16     85     79     93     86     25     34     12     24     69     17     70     72     52      0     36      7     16     47     71     69     59     66     53     45     21     88     57     88     79     37    
       9     45     52     45     21     38     55      9     33     40     19     46     57     51     63     60     24     39     48     52     45     26     34     41     36     36      0     39     48     41     35     33     38     36     28     47     22     53     61     58     43      9    
      38      8     54     10     58     31     32     48     67     48     58     22     84     78     92     84     31     42     14     17     76     15     73     77     49      7     39      0      9     43     74     71     66     71     51     40     20     89     50     94     82     38    
      47     10     56      7     67     38     35     57     77     52     67     26     90     85     99     90     41     49     15     10     85     23     82     87     54     16     48      9      0     46     84     80     76     81     58     41     28     97     49    104     91     47    
      32     51     12     38     44     66     74     47     73      7     48     63     49     44     57     46     57     73     57     40     86     31     63     79     13     47     41     43     46      0     67     53     80     75     23      9     28     63     21     95     67     32    
      39     80     74     81     23     66     85     26     21     63     20     78     53     50     55     61     51     61     83     87     32     62      6     17     56     71     35     74     84     67      0     19     35     17     45     75     58     34     89     29     13     39    
      33     78     58     75     13     71     88     26     37     48     14     80     34     31     37     42     56     69     82     81     50     57     13     36     41     69     33     71     80     53     19      0     50     35     30     62     52     20     75     48     13     33    
      47     68     90     75     45     44     62     34     13     78     40     59     83     79     87     90     34     35     68     82     10     60     39     21     73     59     38     66     76     80     35     50      0     17     64     85     58     68    100     33     48     47    
      43     75     84     79     33     56     75     28      5     72     29     70     69     66     72     77     43     49     76     86     15     62     23      6     66     66     36     71     81     75     17     35     17      0     55     82     58     52     96     22     31     43    
      20     60     29     51     22     64     77     30     55     18     26     67     32     26     40     33     51     68     65     56     69     36     40     59     11     53     28     51     58     23     45     30     64     55      0     32     31     41     45     74     43     20    
      38     48     15     33     52     67     72     53     79     16     55     62     58     53     66     54     59     75     54     34     92     31     71     86     22     45     47     40     41      9     75     62     85     82     32      0     30     73     14    103     76     38    
      19     28     41     23     39     38     47     31     55     31     39     37     64     58     72     65     29     45     33     29     66      5     55     64     31     21     22     20     28     28     58     52     58     58     31     30      0     69     44     81     63     19    
      51     96     64     91     32     91    108     46     55     57     35    100     24     25     23     34     76     90    100     97     67     74     29     51     50     88     53     89     97     63     34     20     68     52     41     73     69      0     83     59     21     51    
      53     57     19     42     66     80     82     68     94     26     70     73     65     61     73     60     73     88     63     40    107     44     85    101     34     57     61     50     49     21     89     75    100     96     45     14     44     83      0    117     89     53    
      65     97    103    102     52     76     95     50     26     92     48     91     80     78     82     89     65     68     99    109     23     84     35     17     85     88     58     94    104     95     29     48     33     22     74    103     81     59    117      0     38     65    
      44     88     72     86     24     77     95     34     35     62     24     88     42     41     44     51     62     73     91     93     46     68     10     29     55     79     43     82     91     67     13     13     48     31     43     76     63     21     89     38      0     44    
       0     45     43     42     20     44     59     14     41     31     20     49     50     45     58     53     30     47     49     48     54     24     36     48     27     37      9     38     47     32     39     33     47     43     20     38     19     51     53     65     44      0   
 
      52     46     29     30     68     70     71     67     92     33     71     62     75     70     83     70     66     80     51     27    104     37     87    100     39     47     59     40     36     26     91     79     96     95     49     17     38     90     14    117     92     52    
      25     28     35     18     44     44     50     39     63     28     46     40     65     60     73     65     37     52     33     24     75      8     62     72     30     23     30     19     25     23     65     57     66     66     33     23      8     73     36     89     69     25    
      55     52     27     36     70     76     77     70     96     32     73     68     73     68     81     68     71     85     57     33    108     42     88    103     39     53     62     46     43     26     93     80    100     98     50     17     42     89      8    120     93     55    
      44     88     69     86     24     79     97     35     39     59     24     89     37     36     39     46     64     76     92     92     50     68     13     34     52     79     43     82     91     64     17     11     52     35     41     73     63     16     86     43      5     44    
      31     18     61     27     49     18     28     36     51     52     47     18     81     75     89     83     14     26     21     34     59     18     61     62     51     10     28     16     26     48     62     61     49     56     49     49     20     81     62     78     70     31    
      18     60     57     59      9     51     68      6     25     45      5     60     49     44     54     55     35     49     63     66     40     41     19     30     39     51     15     54     63     48     21     20     36     26     29     55     36     40     70     47     28     18    
      22     38     63     43     34     25     42     19     32     52     31     35     71     66     77     75     10     25     40     50     41     27     43     43     48     29     14     34     44     51     43     46     32     37     42     55     25     66     69     59     53     22   
 16   20   19   15   26   20   24   24   16   
21   26   27   24   23   25   18   30   29   28   
27   17   17   26   25   20   29   18   18   15   
18   20   15   28   21   21   15   26   29   15   
20     
    107   167        329   409         59   127        298   368        269   347        234   312        150   222        355   415        179   243     
   351   429        307   379        236   320        260   346        192   270        323   402        279   367        136   210        362   402        226   306     
   309   373         28   88         36   90         48   80        244   328        119   181        220   284        209   295        382   415        250   322     
   151   239        358   427        103   163        144   218         69   131        306   374         30   104         99   185        167   229        277   359     
   168   256       
