1 7 40 1 1 480
       0     21     50     41     60     25     12     34     35     45     33     48     60     42     58     43     48     42     47     36     22     38     17     24     50     56     41     29     34     28     28     24     41     29     54     49     29      5     49     29     49      0    
      21      0     37     61     58     10     21     42     34     54     21     61     80     56     79     24     64     47     68     35     17     34     17     44     53     37     44     41     46     20      9     41     29     47     46     31     50     16     69     31     70     21    
      50     37      0     90     31     27     40     79     25     48     56     97     94     91     99     17     98     84     86     72     54     19     33     64     90     55     33     77     82     56     27     74      9     80     14     13     70     45     98     30     97     50    
      41     61     90      0     92     66     50     38     69     66     64     32     41     26     29     84     22     46     28     53     53     75     57     30     53     91     71     32     30     57     69     24     81     19     91     90     25     46      8     63      9     41    
      60     58     31     92      0     48     48     94     25     31     79    109     83    102     91     47    107    101     78     92     74     23     45     62    109     85     21     90     95     78     51     84     32     88     17     44     68     58    100     31     96     60    
      25     10     27     66     48      0     19     51     26     47     31     70     80     64     80     18     71     57     68     45     27     25     12     45     63     42     36     49     55     30      5     47     19     53     36     24     50     20     74     23     74     25    
      12     21     40     50     48     19      0     47     22     35     40     61     60     54     61     36     60     54     49     47     31     26      7     26     62     58     29     42     47     36     24     36     31     41     42     41     31     10     58     16     57     12    
      34     42     79     38     94     51     47      0     69     78     33     20     75     17     67     67     26      9     61     17     26     72     50     47     18     59     76      7      7     28     52     17     71     19     86     74     48     36     41     63     48     34    
      35     34     25     69     25     26     22     69      0     24     56     84     69     77     74     32     82     76     61     67     50      6     19     41     84     67     10     65     70     54     30     59     19     63     22     33     47     32     78      6     75     35    
      45     54     48     66     31     47     35     78     24      0     75     88     52     81     61     57     84     87     48     81     66     29     37     36     95     89     15     72     77     71     52     64     43     67     40     58     40     45     74     24     68     45    
      33     21     56     64     79     31     40     33     56     75      0     53     92     49     88     40     59     33     79     18     11     56     38     57     37     27     65     35     39      6     29     40     49     46     66     46     61     31     70     52     74     33    
      48     61     97     32    109     70     61     20     84     88     53      0     73      7     61     86     11     21     60     35     46     87     66     53     26     79     89     20     14     48     71     24     89     21    103     93     51     52     31     77     39     48    
      60     80     94     41     83     80     60     75     69     52     92     73      0     67     14     96     63     84     13     88     81     75     67     36     92    116     64     68     69     86     85     58     86     56     90    100     31     64     43     64     34     60    
      42     56     91     26    102     64     54     17     77     81     49      7     67      0     56     81      9     21     54     34     42     80     59     46     28     76     82     15     10     44     65     17     82     14     96     87     44     46     27     70     35     42    
      58     79     99     29     91     80     61     67     74     61     88     61     14     56      0     98     51     75     13     81     77     80     69     35     83    114     72     60     60     82     85     51     90     47     96    102     29     62     31     69     22     58    
      43     24     17     84     47     18     36     67     32     57     40     86     96     81     98      0     89     71     85     57     41     28     29     62     76     38     42     66     71     41     15     65     15     71     30      6     68     38     92     33     92     43    
      48     64     98     22    107     71     60     26     82     84     59     11     63      9     51     89      0     31     50     43     51     86     65     47     36     86     86     24     19     53     73     24     89     18    102     95     44     52     20     75     29     48    
      42     47     84     46    101     57     54      9     76     87     33     21     84     21     75     71     31      0     70     15     30     78     56     56      9     58     83     16     15     29     57     26     76     28     92     77     57     43     48     70     55     42    
      47     68     86     28     78     68     49     61     61     48     79     60     13     54     13     85     50     70      0     74     67     67     56     23     79    103     59     54     55     73     73     44     77     42     83     90     18     51     33     56     24     47    
      36     35     72     53     92     45     47     17     67     81     18     35     88     34     81     57     43     15     74      0     17     68     47     55     18     43     75     21     24     15     44     30     65     34     81     64     58     36     58     62     63     36    
      22     17     54     53     74     27     31     26     50     66     11     46     81     42     77     41     51     30     67     17      0     51     30     46     36     37     58     27     32      5     27     30     47     36     63     47     49     21     60     45     63     22    
      38     34     19     75     23     25     26     72      6     29     56     87     75     80     80     28     86     78     67     68     51      0     21     47     86     64     14     68     73     54     28     63     13     68     16     28     53     35     83     12     80     38    
      17     17     33     57     45     12      7     50     19     37     38     66     67     59     69     29     65     56     56     47     30     21      0     33     64     53     28     46     51     34     17     42     24     47     37     33     39     13     65     14     64     17    
      24     44     64     30     62     45     26     47     41     36     57     53     36     46     35     62     47     56     23     55     46     47     33      0     65     80     41     40     43     51     49     30     55     31     63     67      6     28     38     35     33     24    
      50     53     90     53    109     63     62     18     84     95     37     26     92     28     83     76     36      9     79     18     36     86     64     65      0     59     91     25     23     34     63     35     83     36     99     83     66     51     55     78     63     50    
      56     37     55     91     85     42     58     59     67     89     27     79    116     76    114     38     86     58    103     43     37     64     53     80     59      0     77     62     66     33     37     67     53     73     68     42     85     52     97     65    101     56    
      41     44     33     71     21     36     29     76     10     15     65     89     64     82     72     42     86     83     59     75     58     14     28     41     91     77      0     71     75     63     40     64     28     68     25     43     47     39     79     13     75     41    
      29     41     77     32     90     49     42      7     65     72     35     20     68     15     60     66     24     16     54     21     27     68     46     40     25     62     71      0      5     29     51     10     68     13     83     72     41     32     36     58     41     29    
      34     46     82     30     95     55     47      7     70     77     39     14     69     10     60     71     19     15     55     24     32     73     51     43     23     66     75      5      0     34     56     12     74     13     88     78     43     38     33     63     40     34    
      28     20     56     57     78     30     36     28     54     71      6     48     86     44     82     41     53     29     73     15      5     54     34     51     34     33     63     29     34      0     29     34     49     39     66     48     55     26     63     49     67     28    
      28      9     27     69     51      5     24     52     30     52     29     71     85     65     85     15     73     57     73     44     27     28     17     49     63     37     40     51     56     29      0     50     20     56     37     21     55     23     77     28     77     28    
      24     41     74     24     84     47     36     17     59     64     40     24     58     17     51     65     24     26     44     30     30     63     42     30     35     67     64     10     12     34     50      0     65      6     79     71     31     28     29     52     34     24    
      41     29      9     81     32     19     31     71     19     43     49     89     86     82     90     15     89     76     77     65     47     13     24     55     83     53     28     68     74     49     20     65      0     71     17     15     61     37     89     22     88     41    
      29     47     80     19     88     53     41     19     63     67     46     21     56     14     47     71     18     28     42     34     36     68     47     31     36     73     68     13     13     39     56      6     71      0     84     77     30     34     24     57     29     29    
      54     46     14     91     17     36     42     86     22     40     66    103     90     96     96     30    102     92     83     81     63     16     37     63     99     68     25     83     88     66     37     79     17     84      0     27     69     50     99     28     97     54    
      49     31     13     90     44     24     41     74     33     58     46     93    100     87    102      6     95     77     90     64     47     28     33     67     83     42     43     72     78     48     21     71     15     77     27      0     73     44     98     36     97     49    
      29     50     70     25     68     50     31     48     47     40     61     51     31     44     29     68     44     57     18     58     49     53     39      6     66     85     47     41     43     55     55     31     61     30     69     73      0     33     33     41     28     29    
       5     16     45     46     58     20     10     36     32     45     31     52     64     46     62     38     52     43     51     36     21     35     13     28     51     52     39     32     38     26     23     28     37     34     50     44     33      0     54     26     54      5    
      49     69     98      8    100     74     58     41     78     74     70     31     43     27     31     92     20     48     33     58     60     83     65     38     55     97     79     36     33     63     77     29     89     24     99     98     33     54      0     71      9     49    
      29     31     30     63     31     23     16     63      6     24     52     77     64     70     69     33     75     70     56     62     45     12     14     35     78     65     13     58     63     49     28     52     22     57     28     36     41     26     71      0     68     29    
      49     70     97      9     96     74     57     48     75     68     74     39     34     35     22     92     29     55     24     63     63     80     64     33     63    101     75     41     40     67     77     34     88     29     97     97     28     54      9     68      0     49    
       0     21     50     41     60     25     12     34     35     45     33     48     60     42     58     43     48     42     47     36     22     38     17     24     50     56     41     29     34     28     28     24     41     29     54     49     29      5     49     29     49      0   
  
      51     30     41     90     72     32     50     63     55     79     30     83    111     79    110     25     88     63     99     48     37     52     45     75     66     13     65     64     69     35     27     67     40     73     55     28     80     47     97     55     99     51    
      12     12     38     53     53     13      9     42     27     44     31     59     68     52     68     31     59     48     56     39     22     29      8     33     56     49     36     39     44     27     17     35     30     41     44     37     38      7     61     22     61     12    
      12     34     61     29     67     37     21     32     42     46     43     42     49     35     46     55     39     41     36     40     31     47     28     15     50     67     46     26     30     36     41     18     52     21     63     61     18     17     37     36     36     12    
      55     62     99     49    116     72     68     21     90     99     48     18     90     23     79     86     29     15     77     29     45     93     71     66     12     71     97     26     23     44     72     35     92     35    107     93     66     58     49     84     57     55    
       8     18     52     43     66     24     18     29     40     53     25     45     67     39     63     42     47     35     53     28     14     43     21     31     43     50     47     25     30     20     27     23     43     29     58     48     35      8     50     34     52      8    
      18     38     57     35     57     38     18     46     34     33     52     55     42     48     43     55     50     55     30     53     41     40     26      7     64     74     36     40     43     46     42     31     48     33     56     59     13     22     43     28     40     18    
      44     41     22     79     16     32     32     78      9     26     63     93     75     86     82     34     91     85     69     75     58      7     28     50     93     71     11     74     79     61     35     68     18     73     14     33     55     41     87     16     83     44   
  22   18   21   26   26   28   27   17   22   
26   25   28   17   30   20   16   18   30   25   
21   25   22   25   25   23   19   21   27   18   
25   22   16   18   15   23   18   23   30   25   
28  
    205   285        319   403        193   255        357   394        151   225        198   278        265   333         52   124        248   318     
   130   204        124   210         86   148        307   369        271   331        345   417         99   183        303   387        121   195        262   346     
   139   223         87   151         76   144        282   366        110   174         68   136        362   420        166   240        298   370         42   110     
   310   384        323   393        159   239        148   234        167   241        212   300        172   232        106   194         49   74         98   164     
   245   307      

