1 9 50 1 1 480
       0     24     28     38     47     49     35     47     53     35     57     28     37     47     55     44     40     26     22     30     54     15     29     60     30     51     27     49     27     15     15     57     45     26     35     35     33     49     70     65     40      6     25     42     37     35     25     38     49     53     37      0    
      24      0     51     48     30     42     38     38     42     46     49     52     24     60     33     50     18     47     45     11     60     38     33     58      7     63      6     33     13      9     23     64     55     18     58     31     40     69     81     88     16     30     34     54     54     18     36     45     26     75     26     24    
      28     51      0     32     66     58     41     60     79     51     81     10     64     57     79     62     68     32      6     54     70     23     51     82     57     38     52     76     55     43     31     51     58     46      7     60     34     46     55     50     65     22     45     33     43     63     27     56     76     45     54     28    
      38     48     32      0     46     30     14     34     88     72     93     42     70     82     63     82     66     58     30     43     91     46     67     98     55     15     45     81     58     45     26     20     82     32     36     72      8     77     33     82     55     35     62      6     70     65     12     76     73     77     34     38    
      47     30     66     46      0     21     31     15     68     75     76     71     51     89     18     80     38     73     60     19     90     62     63     87     32     59     24     56     42     36     35     52     85     20     72     61     38     96     72    111     20     51     63     51     82     44     40     75     39    100     12     47    
      49     42     58     30     21      0     17      6     84     83     91     66     66     96     39     89     56     75     54     32    100     62     72    100     47     40     36     74     55     45     34     32     93     25     64     73     25     97     52    108     39     50     71     35     86     60     31     84     59     99     15     49    
      35     38     41     14     31     17      0     20     80     71     86     49     62     83     49     79     56     61     36     31     89     48     63     93     45     28     34     71     50     37     21     25     81     20     46     66      7     81     43     91     42     36     60     20     72     56     13     73     61     83     20     35    
      47     38     60     34     15      6     20      0     79     81     87     67     62     94     33     86     51     74     55     27     97     62     69     96     42     46     32     69     51     42     33     38     91     22     66     69     28     96     58    109     33     50     69     39     85     55     33     81     53     99     11     47    
      53     42     79     88     68     84     80     79      0     39      9     75     18     49     60     32     29     56     74     52     37     57     30     23     36    103     48     12     30     43     62    106     43     61     86     20     81     71    121     95     47     58     37     94     55     24     76     33     32     79     68     53    
      35     46     51     72     75     83     71     81     39      0     37     43     35     13     78     11     49     19     48     56     19     28     14     32     46     85     51     44     36     39     50     93     10     59     55     22     68     31    103     56     61     37     12     76     15     40     60      7     57     39     70     35    
      57     49     81     93     76     91     86     87      9     37      0     76     25     44     69     28     37     55     76     59     30     58     30     14     44    108     55     21     36     48     67    111     38     67     87     21     86     67    126     92     56     61     37     98     52     31     80     30     41     76     76     57    
      28     52     10     42     71     66     49     67     75     43     76      0     62     48     83     54     68     24     12     57     62     18     46     75     58     49     54     74     53     44     36     61     50     50     12     55     42     35     65     41     68     22     39     43     34     61     35     49     76     35     60     28    
      37     24     64     70     51     66     62     62     18     35     25     62      0     48     47     33     15     46     58     34     42     44     21     35     19     85     30     12     12     25     44     87     42     42     71     13     63     65    103     88     32     42     27     76     48      7     57     30     22     73     51     37    
      47     60     57     82     89     96     83     94     49     13     44     48     48      0     91     17     62     24     55     70     17     36     28     36     60     93     65     55     50     52     62    103      6     72     60     35     79     24    111     49     75     47     25     86     14     53     71     17     70     33     83     47    
      55     33     79     63     18     39     49     33     60     78     69     83     47     91      0     79     32     80     73     25     88     70     63     82     31     77     29     48     41     42     47     71     86     33     86     59     55    102     90    120     17     61     66     69     87     40     56     75     28    108     29     55    
      44     50     62     82     80     89     79     86     32     11     28     54     33     17     79      0     48     30     58     61     10     38     17     21     48     95     56     39     38     44     58    102     10     64     66     20     77     39    113     64     63     46     19     86     25     39     69      5     55     48     75     44    
      40     18     68     66     38     56     56     51     29     49     37     68     15     62     32     48      0     56     62     24     57     51     35     50     11     82     21     17     14     25     41     81     57     35     75     28     59     77     99     99     18     46     39     72     61      9     55     45      8     84     41     40    
      26     47     32     58     73     75     61     74     56     19     55     24     46     24     80     30     56      0     30     55     37     13     26     52     50     69     51     57     42     38     41     79     26     53     36     36     56     22     86     42     63     25     19     61     11     48     48     26     65     28     64     26    
      22     45      6     30     60     54     36     55     74     48     76     12     58     55     73     58     62     30      0     47     67     19     47     78     51     38     45     70     49     37     25     49     56     40     13     55     30     47     55     54     59     16     41     31     42     57     22     53     70     47     48     22    
      30     11     54     43     19     32     31     27     52     56     59     57     34     70     25     61     24     55     47      0     71     45     44     69     15     58      5     41     23     18     23     57     66     11     61     42     35     78     75     95     12     35     44     50     64     27     34     56     29     83     16     30    
      54     60     70     91     90    100     89     97     37     19     30     62     42     17     88     10     57     37     67     71      0     47     27     19     58    104     66     46     48     54     68    111     12     75     74     29     87     41    122     66     72     56     29     95     29     48     79     15     64     50     85     54    
      15     38     23     46     62     62     48     62     57     28     58     18     44     36     70     38     51     13     19     45     47      0     28     58     43     57     41     56     37     29     28     66     36     42     28     37     43     34     75     50     54     12     21     49     24     44     35     33     60     38     52     15    
      29     33     51     67     63     72     63     69     30     14     30     46     21     28     63     17     35     26     47     44     27     28      0     31     32     80     39     31     22     27     42     86     23     47     57     10     61     44     99     67     47     32      7     71     27     25     54     12     43     51     58     29    
      60     58     82     98     87    100     93     96     23     32     14     75     35     36     82     21     50     52     78     69     19     58     31      0     54    112     64     34     45     55     73    117     30     76     87     27     92     60    130     85     67     64     37    103     46     42     85     26     54     69     85     60    
      30      7     57     55     32     47     45     42     36     46     44     58     19     60     31     48     11     50     51     15     58     43     32     54      0     70     11     26     10     14     30     71     55     24     65     29     47     72     88     92     14     36     35     61     56     12     43     44     19     78     31     30    
      51     63     38     15     59     40     28     46    103     85    108     49     85     93     77     95     82     69     38     58    104     57     80    112     70      0     60     96     73     60     41     14     94     47     40     86     23     84     18     86     70     48     76      9     80     81     27     89     88     83     48     51    
      27      6     52     45     24     36     34     32     48     51     55     54     30     65     29     56     21     51     45      5     66     41     39     64     11     60      0     38     18     13     22     59     61     13     59     37     37     74     77     91     13     32     40     51     59     23     34     51     27     79     21     27    
      49     33     76     81     56     74     71     69     12     44     21     74     12     55     48     39     17     57     70     41     46     56     31     34     26     96     38      0     22     36     55     97     49     51     83     21     73     75    114     99     36     54     37     86     58     15     68     38     20     83     58     49    
      27     13     55     58     42     55     50     51     30     36     36     53     12     50     41     38     14     42     49     23     48     37     22     45     10     73     18     22      0     13     32     75     45     31     62     19     51     63     91     84     24     33     25     64     47      8     46     34     23     70     39     27    
      15      9     43     45     36     45     37     42     43     39     48     44     25     52     42     44     25     38     37     18     54     29     27     55     14     60     13     36     13      0     18     62     49     20     50     28     38     60     78     79     25     21     27     50     46     21     32     39     33     66     31     15    
      15     23     31     26     35     34     21     33     62     50     67     36     44     62     47     58     41     41     25     23     68     28     42     73     30     41     22     55     32     18      0     44     60     14     38     46     19     63     59     76     34     16     39     31     52     39     13     52     49     66     24     15    
      57     64     51     20     52     32     25     38    106     93    111     61     87    103     71    102     81     79     49     57    111     66     86    117     71     14     59     97     75     62     44      0    102     46     53     90     25     96     20     99     67     55     82     18     90     82     32     96     86     96     43     57    
      45     55     58     82     85     93     81     91     43     10     38     50     42      6     86     10     57     26     56     66     12     36     23     30     55     94     61     49     45     49     60    102      0     69     62     29     78     30    112     55     70     46     22     85     17     47     70     11     64     39     80     45    
      26     18     46     32     20     25     20     22     61     59     67     50     42     72     33     64     35     53     40     11     75     42     47     76     24     47     13     51     31     20     14     46     69      0     53     48     24     76     64     91     23     30     47     38     63     36     23     59     40     80     11     26    
      35     58      7     36     72     64     46     66     86     55     87     12     71     60     86     66     75     36     13     61     74     28     57     87     65     40     59     83     62     50     38     53     62     53      0     66     39     46     54     46     72     29     50     35     46     70     33     61     84     43     61     35    
      35     31     60     72     61     73     66     69     20     22     21     55     13     35     59     20     28     36     55     42     29     37     10     27     29     86     37     21     19     28     46     90     29     48     66      0     65     53    104     77     43     39     17     77     37     18     59     17     35     61     58     35    
      33     40     34      8     38     25      7     28     81     68     86     42     63     79     55     77     59     56     30     35     87     43     61     92     47     23     37     73     51     38     19     25     78     24     39     65      0     76     40     84     47     32     58     14     67     58      8     71     65     77     26     33    
      49     69     46     77     96     97     81     96     71     31     67     35     65     24    102     39     77     22     47     78     41     34     44     60     72     84     74     75     63     60     63     96     30     76     46     53     76      0    100     25     85     46     38     78     16     68     68     37     86      9     87     49    
      70     81     55     33     72     52     43     58    121    103    126     65    103    111     90    113     99     86     55     75    122     75     99    130     88     18     77    114     91     78     59     20    112     64     54    104     40    100      0     99     86     66     94     27     97     98     45    107    104     98     62     70    
      65     88     50     82    111    108     91    109     95     56     92     41     88     49    120     64     99     42     54     95     66     50     67     85     92     86     91     99     84     79     76     99     55     91     46     77     84     25     99      0    104     60     61     82     40     91     77     62    108     16    101     65    
      40     16     65     55     20     39     42     33     47     61     56     68     32     75     17     63     18     63     59     12     72     54     47     67     14     70     13     36     24     25     34     67     70     23     72     43     47     85     86    104      0     45     49     61     70     25     46     58     19     91     24     40    
       6     30     22     35     51     50     36     50     58     37     61     22     42     47     61     46     46     25     16     35     56     12     32     64     36     48     32     54     33     21     16     55     46     30     29     39     32     46     66     60     45      0     27     39     36     41     24     40     55     49     41      6    
      25     34     45     62     63     71     60     69     37     12     37     39     27     25     66     19     39     19     41     44     29     21      7     37     35     76     40     37     25     27     39     82     22     47     50     17     58     38     94     61     49     27      0     67     21     30     50     13     48     45     58     25    
      42     54     33      6     51     35     20     39     94     76     98     43     76     86     69     86     72     61     31     50     95     49     71    103     61      9     51     86     64     50     31     18     85     38     35     77     14     78     27     82     61     39     67      0     73     71     18     80     79     78     40     42    
      37     54     43     70     82     86     72     85     55     15     52     34     48     14     87     25     61     11     42     64     29     24     27     46     56     80     59     58     47     46     52     90     17     63     46     37     67     16     97     40     70     36     21     73      0     52     59     22     70     24     74     37    
      35     18     63     65     44     60     56     55     24     40     31     61      7     53     40     39      9     48     57     27     48     44     25     42     12     81     23     15      8     21     39     82     47     36     70     18     58     68     98     91     25     41     30     71     52      0     53     36     17     76     44     35    
      25     36     27     12     40     31     13     33     76     60     80     35     57     71     56     69     55     48     22     34     79     35     54     85     43     27     34     68     46     32     13     32     70     23     33     59      8     68     45     77     46     24     50     18     59     53      0     64     62     69     28     25    
      38     45     56     76     75     84     73     81     33      7     30     49     30     17     75      5     45     26     53     56     15     33     12     26     44     89     51     38     34     39     52     96     11     59     61     17     71     37    107     62     58     40     13     80     22     36     64      0     53     46     70     38    
      49     26     76     73     39     59     61     53     32     57     41     76     22     70     28     55      8     65     70     29     64     60     43     54     19     88     27     20     23     33     49     86     64     40     84     35     65     86    104    108     19     55     48     79     70     17     62     53      0     93     44     49    
      53     75     45     77    100     99     83     99     79     39     76     35     73     33    108     48     84     28     47     83     50     38     51     69     78     83     79     83     70     66     66     96     39     80     43     61     77      9     98     16     91     49     45     78     24     76     69     46     93      0     90     53    
      37     26     54     34     12     15     20     11     68     70     76     60     51     83     29     75     41     64     48     16     85     52     58     85     31     48     21     58     39     31     24     43     80     11     61     58     26     87     62    101     24     41     58     40     74     44     28     70     44     90      0     37    
       0     24     28     38     47     49     35     47     53     35     57     28     37     47     55     44     40     26     22     30     54     15     29     60     30     51     27     49     27     15     15     57     45     26     35     35     33     49     70     65     40      6     25     42     37     35     25     38     49     53     37      0   
  
      34      9     61     55     27     44     43     38     41     52     49     62     24     66     25     54     12     55     54     12     64     48     38     60      6     70     10     30     16     18     32     69     61     23     68     35     47     78     87     97      8     40     41     61     62     17     44     50     17     84     28     34    
      42     42     47     18     30     12      7     16     85     78     91     56     66     89     48     85     59     68     43     34     95     55     69     98     48     29     37     75     54     43     27     23     88     24     53     71     13     88     42     97     44     43     66     23     79     60     20     80     63     90     19     42    
      60     84     44     76    106    102     85    103     94     54     91     36     86     49    116     64     96     39     48     91     66     46     65     85     88     80     87     96     81     75     71     94     55     86     40     75     78     25     93      6    100     55     58     76     39     88     71     61    105     16     96     60    
      56     80     41     73    102     99     82    100     90     50     87     32     81     45    112     60     91     35     45     87     62     41     61     81     84     78     83     92     77     70     67     91     51     82     38     71     75     21     91      8     96     51     54     73     35     83     68     57    100     13     92     56    
      22     46      9     38     65     60     43     61     71     41     73      6     57     48     76     52     62     23      8     51     60     14     42     73     52     46     48     69     48     37     29     57     49     44     14     51     37     39     63     47     61     16     36     39     34     56     30     47     71     39     54     22    
      52     28     79     73     36     57     61     51     38     63     47     80     28     76     23     62     14     70     73     29     70     64     49     60     22     88     29     26     28     36     51     86     71     41     87     41     65     92    104    113     18     58     53     79     75     23     63     59      6     98     42     52    
      19     43     17     43     65     63     47     63     64     34     65     11     51     40     75     45     57     16     14     49     53      7     35     65     48     53     46     63     43     34     30     63     41     44     21     44     42     34     70     46     59     14     28     45     27     50     34     39     66     36     55     19    
      60     60     80     98     89    102     94     98     27     29     18     73     38     32     85     18     53     49     76     71     15     57     31      5     56    111     66     38     47     56     73    117     26     77     85     28     92     56    130     81     70     63     36    102     43     45     85     23     57     65     86     60    
      43     68     28     61     89     85     68     86     82     44     81     19     71     42     99     54     80     26     31     74     59     29     52     76     72     66     70     83     66     58     54     79     47     69     26     62     61     22     80     22     84     38     45     61     30     73     54     51     89     18     79     43   
     26   29   19   28   24   15   17   29   22   
23   30   21   25   19   27   28   25   22   25   
15   21   21   17   28   30   27   29   24   24   
22   29   28   28   24   19   20   24   23   23   
15   29   29   20   17   15   25   25   20   25   
28   
       24   69        104   184        194   272        241   317        242   322         82   150        353   416         53   121         85   147     
    57   99        306   368        102   180         53   135         55   91        283   357        231   303        146   232        240   316        401   425     
   391   411        151   227        167   239        315   379        251   315        148   232        116   192        148   226        207   285         15   62     
   332   420        375   394        162   224        125   197        316   398        215   301        190   278        177   255         70   147         85   169     
    57   139        120   184        172   246        280   352        180   252        375   430        288   366        101   169        222   286        124   212     
   361   415      
