6 3 60 4            
480 195              
480 195              
480 195              
480 195              
1 45.184 35.474 16 24 1 4 1 2 4 8 378 522   
2 -20.581 38.177 23 23 1 4 1 2 4 8 299 433   
3 -22.327 36.072 8 21 1 4 1 2 4 8 376 549   
4 54.498 70.813 4 20 1 4 1 2 4 8 248 346   
5 48.132 95.593 12 20 1 4 1 2 4 8 336 444   
6 -16.357 93.311 15 21 1 4 1 2 4 8 257 387   
7 31.775 3.870 5 20 1 4 1 2 4 8 210 347   
8 3.058 10.248 4 13 1 4 1 2 4 8 106 251   
9 39.270 -33.057 15 15 1 4 1 2 4 8 382 504   
10 76.312 86.670 5 21 1 4 1 2 4 8 216 357   
11 5.243 0.238 17 2 1 4 1 2 4 8 350 455   
12 15.131 -3.046 24 10 1 4 1 2 4 8 285 405   
13 49.860 1.038 13 21 1 4 1 2 4 8 404 554   
14 -17.462 -56.567 11 9 1 4 1 2 4 8 417 591   
15 18.359 20.917 8 10 1 4 1 2 4 8 137 233   
16 27.960 -15.039 4 16 1 4 1 2 4 8 422 564   
17 64.484 2.240 18 8 1 4 1 2 4 8 228 368   
18 -2.716 24.768 21 11 1 4 1 2 4 8 100 197   
19 48.828 65.314 1 12 1 4 1 2 4 8 125 278   
20 -20.544 19.086 8 3 1 4 1 2 4 8 104 279   
21 55.658 60.425 9 2 1 4 1 2 4 8 445 572   
22 29.150 -9.961 23 25 1 4 1 2 4 8 436 537   
23 52.075 9.692 12 13 1 4 1 2 4 8 322 446   
24 -29.724 24.268 25 18 1 4 1 2 4 8 206 358   
25 65.057 5.225 5 4 1 4 1 2 4 8 332 498   
26 42.175 -22.284 24 24 1 4 1 2 4 8 316 425   
27 35.406 10.278 9 13 1 4 1 2 4 8 169 316   
28 19.476 20.142 25 24 1 4 1 2 4 8 300 416   
29 98.846 1.257 11 13 1 4 1 2 4 8 95 260   
30 56.311 58.734 1 1 1 4 1 2 4 8 109 253   
31 -40.002 3.870 5 12 1 4 1 2 4 8 234 396   
32 66.595 34.937 22 19 1 4 1 2 4 8 457 606   
33 36.169 0.256 12 3 1 4 1 2 4 8 447 555   
34 50.592 34.247 22 23 1 4 1 2 4 8 190 339   
35 -76.782 5.939 22 9 1 4 1 2 4 8 387 508   
36 55.353 43.817 10 4 1 4 1 2 4 8 370 467   
37 16.925 15.741 17 19 1 4 1 2 4 8 103 228   
38 42.761 38.092 20 13 1 4 1 2 4 8 178 341   
39 55.078 72.241 4 16 1 4 1 2 4 8 402 535   
40 33.630 37.585 22 18 1 4 1 2 4 8 324 442   
41 -1.172 20.648 19 3 1 4 1 2 4 8 129 299   
42 -35.767 14.142 23 23 1 4 1 2 4 8 82 254   
43 76.416 11.346 22 3 1 4 1 2 4 8 432 539   
44 31.445 -7.001 23 4 1 4 1 2 4 8 158 285   
45 12.396 0.244 12 1 1 4 1 2 4 8 300 449   
46 65.063 40.875 15 5 1 4 1 2 4 8 375 473   
47 77.759 55.817 19 3 1 4 1 2 4 8 205 372   
48 37.085 -2.112 5 7 1 4 1 2 4 8 143 253   
49 57.776 15.344 13 20 1 4 1 2 4 8 114 285   
50 12.006 -7.965 9 23 1 4 1 2 4 8 140 319   
51 -7.367 24.390 24 23 1 4 1 2 4 8 455 622   
52 43.219 0.739 6 24 1 4 1 2 4 8 161 257   
53 -5.231 -2.081 3 8 1 4 1 2 4 8 110 257   
54 35.944 -11.835 23 17 1 4 1 2 4 8 231 369   
55 58.575 59.888 12 5 1 4 1 2 4 8 402 559   
56 25.574 31.726 12 22 1 4 1 2 4 8 444 606   
57 7.147 32.684 18 25 1 4 1 2 4 8 314 439   
58 31.561 37.262 16 14 1 4 1 2 4 8 216 360   
59 -73.505 57.043 9 7 1 4 1 2 4 8 171 343   
60 -21.204 13.660 14 5 1 4 1 2 4 8 372 511   
61 6.229 10.590 0 0 0 0 0 1000       
62 32.663 44.730 0 0 0 0 0 1000       
63 48.807 48.792 0 0 0 0 0 1000       
64 33.179 -4.968 0 0 0 0 0 1000       
