6 3 60 4            
460 190              
460 190              
460 190              
460 190              
1 -83.295 26.324 14 10 1 4 1 2 4 8 206 358   
2 15.332 -42.169 1 3 1 4 1 2 4 8 285 405   
3 -34.674 -27.588 2 6 1 4 1 2 4 8 231 369   
4 -31.927 88.239 21 10 1 4 1 2 4 8 233 387   
5 83.832 33.905 13 25 1 4 1 2 4 8 439 540   
6 -6.458 26.355 23 8 1 4 1 2 4 8 161 257   
7 -45.209 -56.293 22 15 1 4 1 2 4 8 98 269   
8 90.009 -43.640 19 2 1 4 1 2 4 8 190 339   
9 -17.560 37.494 3 10 1 4 1 2 4 8 124 269   
10 -34.869 30.426 7 12 1 4 1 2 4 8 228 368   
11 -52.905 42.804 14 17 1 4 1 2 4 8 124 274   
12 -18.408 10.303 3 6 1 4 1 2 4 8 107 272   
13 -3.918 -63.525 13 12 1 4 1 2 4 8 451 577   
14 -13.580 -26.959 25 25 1 4 1 2 4 8 306 411   
15 3.925 -47.845 25 17 1 4 1 2 4 8 213 347   
16 -31.866 32.538 10 8 1 4 1 2 4 8 130 253   
17 -40.991 46.594 14 19 1 4 1 2 4 8 442 553   
18 30.737 -28.436 12 22 1 4 1 2 4 8 61 175   
19 45.087 -59.906 13 17 1 4 1 2 4 8 188 352   
20 81.201 -74.744 21 6 1 4 1 2 4 8 375 473   
21 -88.538 -10.461 1 25 1 4 1 2 4 8 387 508   
22 -55.676 -31.384 4 25 1 4 1 2 4 8 456 624   
23 15.546 -36.273 1 17 1 4 1 2 4 8 402 535   
24 2.081 12.885 9 22 1 4 1 2 4 8 445 572   
25 -29.620 35.083 10 25 1 4 1 2 4 8 106 251   
26 -42.914 -22.675 17 17 1 4 1 2 4 8 171 343   
27 14.819 -82.117 4 14 1 4 1 2 4 8 387 483   
28 -46.637 -16.461 10 10 1 4 1 2 4 8 457 606   
29 -24.542 14.935 10 6 1 4 1 2 4 8 65 188   
30 -48.779 16.968 24 23 1 4 1 2 4 8 372 543   
31 71.515 22.510 16 7 1 4 1 2 4 8 238 394   
32 -94.415 15.192 15 12 1 4 1 2 4 8 282 384   
33 58.826 -63.043 6 15 1 4 1 2 4 8 367 494   
34 -53.516 -21.619 20 5 1 4 1 2 4 8 85 192   
35 -30.652 40.063 23 16 1 4 1 2 4 8 444 606   
36 -20.563 -75.830 4 18 1 4 1 2 4 8 216 357   
37 47.131 -45.465 7 11 1 4 1 2 4 8 119 211   
38 -53.674 -56.427 9 1 1 4 1 2 4 8 273 391   
39 -48.297 53.314 13 22 1 4 1 2 4 8 125 278   
40 -46.179 -38.269 11 16 1 4 1 2 4 8 248 346   
41 -89.960 -39.532 19 16 1 4 1 2 4 8 124 296   
42 -39.172 47.998 11 12 1 4 1 2 4 8 267 419   
43 -79.303 15.381 2 19 1 4 1 2 4 8 316 425   
44 82.977 -1.660 16 1 1 4 1 2 4 8 104 279   
45 -20.654 24.554 21 4 1 4 1 2 4 8 466 604   
46 -94.141 -48.779 14 1 1 4 1 2 4 8 178 283   
47 34.894 -20.898 21 14 1 4 1 2 4 8 95 260   
48 -55.896 18.457 22 18 1 4 1 2 4 8 170 312   
49 -58.557 59.375 25 19 1 4 1 2 4 8 415 568   
50 30.792 9.869 5 8 1 4 1 2 4 8 150 245   
51 -49.072 -38.489 20 10 1 4 1 2 4 8 256 378   
52 -61.389 26.526 23 1 1 4 1 2 4 8 178 341   
53 10.919 13.306 5 16 1 4 1 2 4 8 367 525   
54 -85.229 88.788 7 4 1 4 1 2 4 8 219 358   
55 -92.633 -6.598 21 5 1 4 1 2 4 8 94 184   
56 -69.348 80.408 16 10 1 4 1 2 4 8 471 565   
57 1.721 -20.447 25 6 1 4 1 2 4 8 411 571   
58 -40.869 30.579 9 24 1 4 1 2 4 8 459 586   
59 12.653 -48.340 5 11 1 4 1 2 4 8 129 234   
60 -16.479 16.180 23 4 1 4 1 2 4 8 82 254   
61 -40.082 -24.780 0 0 0 0 0 1000       
62 24.292 -27.704 0 0 0 0 0 1000       
63 -45.877 41.092 0 0 0 0 0 1000       
64 -11.896 15.875 0 0 0 0 0 1000       
