6 3 60 4            
440 185              
440 185              
440 185              
440 185              
1 4.614 27.051 12 10 1 4 1 2 4 8 151 288   
2 3.113 -40.302 23 19 1 4 1 2 4 8 249 422   
3 -14.148 -74.164 17 3 1 4 1 2 4 8 72 231   
4 12.439 -41.492 16 10 1 4 1 2 4 8 353 493   
5 -18.738 45.227 8 14 1 4 1 2 4 8 261 387   
6 32.538 11.786 15 19 1 4 1 2 4 8 229 384   
7 26.093 -33.966 18 2 1 4 1 2 4 8 294 465   
8 19.867 38.824 6 18 1 4 1 2 4 8 107 258   
9 27.759 48.712 7 25 1 4 1 2 4 8 245 408   
10 -80.994 -77.686 3 21 1 4 1 2 4 8 214 383   
11 -16.064 8.557 11 4 1 4 1 2 4 8 171 304   
12 14.728 -3.436 14 8 1 4 1 2 4 8 137 306   
13 15.027 -34.979 15 7 1 4 1 2 4 8 115 227   
14 20.844 21.167 24 22 1 4 1 2 4 8 103 262   
15 -33.954 -73.059 20 16 1 4 1 2 4 8 472 650   
16 17.133 37.079 4 4 1 4 1 2 4 8 424 556   
17 -36.670 23.102 17 22 1 4 1 2 4 8 340 431   
18 -29.077 4.291 8 16 1 4 1 2 4 8 119 248   
19 -35.480 19.135 13 2 1 4 1 2 4 8 191 343   
20 -30.426 52.942 12 15 1 4 1 2 4 8 168 312   
21 -39.465 4.907 25 7 1 4 1 2 4 8 282 453   
22 7.959 -28.662 18 9 1 4 1 2 4 8 167 319   
23 -18.555 -14.819 18 15 1 4 1 2 4 8 183 342   
24 30.878 24.316 15 25 1 4 1 2 4 8 289 419   
25 -9.332 -56.177 9 10 1 4 1 2 4 8 359 504   
26 8.942 2.875 25 2 1 4 1 2 4 8 78 251   
27 -17.822 -18.518 14 9 1 4 1 2 4 8 429 548   
28 14.093 -13.605 12 19 1 4 1 2 4 8 302 414   
29 28.802 -8.582 2 18 1 4 1 2 4 8 307 443   
30 -1.190 42.023 3 5 1 4 1 2 4 8 119 278   
31 -35.101 46.545 12 10 1 4 1 2 4 8 121 232   
32 -46.545 42.316 11 2 1 4 1 2 4 8 107 231   
33 -19.116 -32.086 1 17 1 4 1 2 4 8 82 175   
34 -11.224 -31.830 20 9 1 4 1 2 4 8 225 389   
35 30.005 19.092 24 21 1 4 1 2 4 8 122 235   
36 -22.034 -36.896 12 16 1 4 1 2 4 8 133 262   
37 -48.157 6.287 22 9 1 4 1 2 4 8 239 354   
38 -64.679 83.038 1 6 1 4 1 2 4 8 154 257   
39 3.137 -19.220 14 24 1 4 1 2 4 8 168 280   
40 48.224 0.085 19 11 1 4 1 2 4 8 469 624   
41 5.048 -35.046 19 8 1 4 1 2 4 8 61 181   
42 39.813 -40.668 9 22 1 4 1 2 4 8 298 429   
43 17.651 -52.271 9 9 1 4 1 2 4 8 135 283   
44 -16.809 -35.040 9 1 1 4 1 2 4 8 201 327   
45 2.435 -30.524 2 14 1 4 1 2 4 8 112 287   
46 -4.584 3.491 3 10 1 4 1 2 4 8 437 561   
47 -40.039 27.435 22 15 1 4 1 2 4 8 209 349   
48 72.156 30.103 22 4 1 4 1 2 4 8 443 557   
49 -29.553 9.277 8 8 1 4 1 2 4 8 169 322   
50 -34.442 -63.312 13 23 1 4 1 2 4 8 398 566   
51 36.096 64.935 16 11 1 4 1 2 4 8 126 266   
52 -46.802 -14.661 18 10 1 4 1 2 4 8 345 521   
53 9.003 -18.695 2 15 1 4 1 2 4 8 156 270   
54 8.435 52.838 16 9 1 4 1 2 4 8 111 280   
55 22.992 1.398 4 24 1 4 1 2 4 8 220 331   
56 52.057 30.334 23 5 1 4 1 2 4 8 323 457   
57 -90.466 10.278 12 21 1 4 1 2 4 8 376 506   
58 12.946 -11.688 19 2 1 4 1 2 4 8 478 614   
59 -1.093 9.912 4 10 1 4 1 2 4 8 402 553   
60 -8.807 21.216 19 14 1 4 1 2 4 8 93 272   
61 -0.140 7.266 0 0 0 0 0 1000       
62 -23.138 48.450 0 0 0 0 0 1000       
63 -26.102 16.809 0 0 0 0 0 1000       
64 0.244 -35.892 0 0 0 0 0 1000       
