6 3 60 4            
420 180              
420 180              
420 180              
420 180              
1 12.482 -78.101 3 1 1 4 1 2 4 8 190 368   
2 3.705 -16.449 24 18 1 4 1 2 4 8 413 526   
3 -21.234 14.490 23 10 1 4 1 2 4 8 370 537   
4 31.537 -8.722 24 15 1 4 1 2 4 8 154 325   
5 -21.063 -41.498 10 2 1 4 1 2 4 8 133 310   
6 10.382 -16.302 17 19 1 4 1 2 4 8 230 409   
7 83.710 -32.520 4 15 1 4 1 2 4 8 405 545   
8 -0.574 -62.299 21 12 1 4 1 2 4 8 257 371   
9 -59.399 1.514 16 15 1 4 1 2 4 8 356 476   
10 -6.195 -8.881 6 16 1 4 1 2 4 8 234 405   
11 27.094 -5.103 19 25 1 4 1 2 4 8 386 500   
12 66.394 -70.111 14 23 1 4 1 2 4 8 97 242   
13 -2.905 -0.305 13 14 1 4 1 2 4 8 131 298   
14 -0.623 23.114 20 6 1 4 1 2 4 8 179 292   
15 47.968 -30.310 16 14 1 4 1 2 4 8 149 265   
16 -8.051 -21.179 6 6 1 4 1 2 4 8 218 344   
17 -15.845 -59.460 6 24 1 4 1 2 4 8 387 496   
18 -15.308 -23.285 16 12 1 4 1 2 4 8 116 236   
19 38.806 36.243 10 10 1 4 1 2 4 8 450 562   
20 13.666 -14.832 18 19 1 4 1 2 4 8 222 374   
21 13.489 19.739 23 2 1 4 1 2 4 8 239 386   
22 -5.859 -1.862 5 20 1 4 1 2 4 8 271 425   
23 66.394 -26.691 7 9 1 4 1 2 4 8 159 273   
24 50.104 8.636 6 9 1 4 1 2 4 8 309 475   
25 2.301 -5.536 25 15 1 4 1 2 4 8 221 321   
26 -9.723 4.706 5 24 1 4 1 2 4 8 151 316   
27 19.366 30.273 3 24 1 4 1 2 4 8 76 173   
28 -47.314 -29.468 13 7 1 4 1 2 4 8 146 303   
29 -15.363 -24.548 13 25 1 4 1 2 4 8 368 547   
30 4.803 -7.288 3 17 1 4 1 2 4 8 421 567   
31 40.088 -9.625 17 14 1 4 1 2 4 8 233 352   
32 -0.830 -6.525 18 15 1 4 1 2 4 8 289 439   
33 25.311 12.689 24 19 1 4 1 2 4 8 252 415   
34 23.041 -14.496 16 16 1 4 1 2 4 8 189 301   
35 -17.444 -70.795 10 20 1 4 1 2 4 8 424 576   
36 -2.460 12.817 15 13 1 4 1 2 4 8 62 154   
37 39.105 -48.743 16 13 1 4 1 2 4 8 101 229   
38 32.013 77.332 5 25 1 4 1 2 4 8 264 394   
39 -18.524 -29.486 20 4 1 4 1 2 4 8 195 328   
40 52.814 35.046 12 16 1 4 1 2 4 8 366 470   
41 49.536 -54.639 25 21 1 4 1 2 4 8 384 550   
42 32.520 -29.523 25 18 1 4 1 2 4 8 143 237   
43 -22.815 46.173 6 8 1 4 1 2 4 8 281 426   
44 10.480 22.888 22 14 1 4 1 2 4 8 410 504   
45 31.116 -35.907 13 16 1 4 1 2 4 8 141 286   
46 70.001 -20.844 7 22 1 4 1 2 4 8 329 454   
47 7.550 -21.210 5 18 1 4 1 2 4 8 244 372   
48 -52.026 -35.339 19 3 1 4 1 2 4 8 78 221   
49 -39.624 54.883 2 18 1 4 1 2 4 8 471 568   
50 87.952 94.012 11 15 1 4 1 2 4 8 123 274   
51 35.638 -47.552 23 5 1 4 1 2 4 8 64 236   
52 61.877 -15.167 5 5 1 4 1 2 4 8 143 311   
53 -6.470 8.466 10 1 1 4 1 2 4 8 330 423   
54 34.845 -96.185 24 17 1 4 1 2 4 8 218 378   
55 -10.541 12.402 10 5 1 4 1 2 4 8 61 234   
56 -5.103 -46.729 11 23 1 4 1 2 4 8 175 292   
57 26.941 17.444 9 15 1 4 1 2 4 8 437 611   
58 17.126 -24.646 5 4 1 4 1 2 4 8 246 365   
59 21.606 -18.109 14 24 1 4 1 2 4 8 423 567   
60 15.594 -5.817 21 18 1 4 1 2 4 8 437 603   
61 34.430 -17.151 0 0 0 0 0 1000       
62 0.269 -8.154 0 0 0 0 0 1000       
63 3.140 13.297 0 0 0 0 0 1000       
64 -3.113 -29.745 0 0 0 0 0 1000       
