6 3 60 4            
400 175              
400 175              
400 175              
400 175              
1 -24.158 39.197 24 14 1 4 1 2 4 8 316 412   
2 29.486 79.944 2 2 1 4 1 2 4 8 388 482   
3 10.590 -28.931 17 17 1 4 1 2 4 8 425 544   
4 36.920 -4.987 21 21 1 4 1 2 4 8 419 531   
5 -7.812 -35.895 10 16 1 4 1 2 4 8 238 349   
6 -27.124 -38.037 13 12 1 4 1 2 4 8 60 154   
7 22.168 -40.375 21 22 1 4 1 2 4 8 359 528   
8 -56.793 -15.918 16 6 1 4 1 2 4 8 169 287   
9 3.864 34.583 6 16 1 4 1 2 4 8 394 535   
10 15.869 8.716 2 24 1 4 1 2 4 8 391 565   
11 1.978 17.517 20 9 1 4 1 2 4 8 424 541   
12 -8.679 7.770 22 9 1 4 1 2 4 8 141 234   
13 6.024 -31.018 16 4 1 4 1 2 4 8 258 351   
14 22.748 40.674 17 15 1 4 1 2 4 8 305 421   
15 -96.857 -19.391 12 15 1 4 1 2 4 8 368 485   
16 -28.632 23.486 24 10 1 4 1 2 4 8 471 608   
17 29.987 -31.061 18 18 1 4 1 2 4 8 62 189   
18 -36.035 -17.065 14 4 1 4 1 2 4 8 292 465   
19 -7.184 -63.721 11 18 1 4 1 2 4 8 99 210   
20 -1.855 -24.475 8 5 1 4 1 2 4 8 386 535   
21 -2.875 -42.841 23 13 1 4 1 2 4 8 351 468   
22 -15.094 18.933 3 1 1 4 1 2 4 8 416 552   
23 12.390 -16.254 20 16 1 4 1 2 4 8 403 495   
24 -6.628 29.889 15 24 1 4 1 2 4 8 256 368   
25 11.859 -34.973 19 3 1 4 1 2 4 8 179 270   
26 -16.486 30.920 19 13 1 4 1 2 4 8 252 356   
27 -1.025 50.433 10 4 1 4 1 2 4 8 76 207   
28 -46.625 -23.529 18 21 1 4 1 2 4 8 297 416   
29 33.417 11.792 21 15 1 4 1 2 4 8 308 461   
30 3.595 -21.600 14 13 1 4 1 2 4 8 431 574   
31 78.259 15.936 18 6 1 4 1 2 4 8 232 339   
32 23.535 5.896 22 10 1 4 1 2 4 8 261 409   
33 28.772 -0.031 18 19 1 4 1 2 4 8 422 573   
34 -52.954 31.738 19 24 1 4 1 2 4 8 87 261   
35 -26.379 -63.055 19 5 1 4 1 2 4 8 340 462   
36 11.047 -20.905 15 21 1 4 1 2 4 8 60 232   
37 -83.881 -53.265 12 16 1 4 1 2 4 8 76 226   
38 60.699 81.116 6 21 1 4 1 2 4 8 244 348   
39 -2.643 -20.831 4 17 1 4 1 2 4 8 368 491   
40 23.950 10.742 6 19 1 4 1 2 4 8 108 230   
41 -55.389 -51.050 9 1 1 4 1 2 4 8 397 522   
42 18.671 -41.010 20 2 1 4 1 2 4 8 361 456   
43 -28.931 -0.439 10 22 1 4 1 2 4 8 137 284   
44 32.202 -39.844 19 22 1 4 1 2 4 8 432 555   
45 -39.136 6.287 12 10 1 4 1 2 4 8 193 367   
46 -55.231 -15.027 7 25 1 4 1 2 4 8 187 308   
47 -46.039 -22.565 15 9 1 4 1 2 4 8 290 430   
48 -11.340 -17.621 20 11 1 4 1 2 4 8 399 498   
49 46.741 1.453 14 5 1 4 1 2 4 8 403 510   
50 -26.746 -21.490 22 11 1 4 1 2 4 8 429 586   
51 40.363 16.382 20 14 1 4 1 2 4 8 179 301   
52 38.312 54.376 10 12 1 4 1 2 4 8 413 534   
53 12.109 -34.387 14 17 1 4 1 2 4 8 154 296   
54 -18.433 53.711 10 20 1 4 1 2 4 8 270 413   
55 2.948 -20.398 5 6 1 4 1 2 4 8 314 405   
56 12.366 -11.353 17 22 1 4 1 2 4 8 313 464   
57 59.833 -3.674 22 9 1 4 1 2 4 8 71 218   
58 29.291 12.799 16 16 1 4 1 2 4 8 276 370   
59 -1.031 -14.838 22 10 1 4 1 2 4 8 371 472   
60 -49.927 -36.713 24 2 1 4 1 2 4 8 110 256   
61 2.277 7.840 0 0 0 0 0 1000       
62 32.883 -1.779 0 0 0 0 0 1000       
63 -49.554 -17.828 0 0 0 0 0 1000       
64 3.690 -26.099 0 0 0 0 0 1000       
