6 2 60 6            
500 200              
500 200              
500 200              
500 200              
500 200              
500 200              
1 78.900 17.651 15 23 1 6 1 2 4 8 16 32 130 308 
2 54.877 -41.168 18 12 1 6 1 2 4 8 16 32 306 441 
3 -29.785 -11.285 19 13 1 6 1 2 4 8 16 32 275 374 
4 9.198 -18.597 16 16 1 6 1 2 4 8 16 32 123 214 
5 -46.997 -17.474 14 4 1 6 1 2 4 8 16 32 181 299 
6 17.542 1.575 13 1 1 6 1 2 4 8 16 32 76 240 
7 -17.035 49.774 8 10 1 6 1 2 4 8 16 32 456 602 
8 -49.426 60.602 1 24 1 6 1 2 4 8 16 32 333 434 
9 -51.453 -36.444 24 9 1 6 1 2 4 8 16 32 380 503 
10 19.910 48.975 1 23 1 6 1 2 4 8 16 32 89 260 
11 31.531 48.944 4 15 1 6 1 2 4 8 16 32 388 521 
12 63.385 11.981 16 21 1 6 1 2 4 8 16 32 111 237 
13 16.058 33.020 20 20 1 6 1 2 4 8 16 32 235 407 
14 12.878 16.919 20 1 1 6 1 2 4 8 16 32 324 473 
15 -92.950 63.263 25 2 1 6 1 2 4 8 16 32 154 296 
16 -28.540 -3.485 3 9 1 6 1 2 4 8 16 32 377 534 
17 79.822 22.272 7 11 1 6 1 2 4 8 16 32 116 291 
18 53.546 -67.487 21 10 1 6 1 2 4 8 16 32 222 375 
19 -31.207 43.494 18 6 1 6 1 2 4 8 16 32 313 479 
20 13.202 -19.135 12 13 1 6 1 2 4 8 16 32 454 628 
21 12.677 -57.471 6 1 1 6 1 2 4 8 16 32 390 561 
22 31.415 36.859 21 2 1 6 1 2 4 8 16 32 179 270 
23 -9.137 -22.931 21 23 1 6 1 2 4 8 16 32 403 495 
24 60.083 -45.905 21 20 1 6 1 2 4 8 16 32 426 569 
25 26.801 46.515 21 18 1 6 1 2 4 8 16 32 197 324 
26 -4.694 25.537 7 10 1 6 1 2 4 8 16 32 230 341 
27 25.409 -11.700 14 8 1 6 1 2 4 8 16 32 444 586 
28 -65.674 -23.120 12 22 1 6 1 2 4 8 16 32 322 436 
29 -32.355 -20.966 5 15 1 6 1 2 4 8 16 32 389 538 
30 -50.598 -16.418 14 25 1 6 1 2 4 8 16 32 106 254 
31 -29.730 17.078 18 5 1 6 1 2 4 8 16 32 460 613 
32 -35.950 -19.141 10 10 1 6 1 2 4 8 16 32 281 422 
33 53.088 -18.750 6 4 1 6 1 2 4 8 16 32 229 340 
34 -56.012 -10.394 10 2 1 6 1 2 4 8 16 32 78 235 
35 14.722 -10.834 22 17 1 6 1 2 4 8 16 32 267 409 
36 31.635 53.619 10 25 1 6 1 2 4 8 16 32 111 206 
37 43.781 34.766 25 25 1 6 1 2 4 8 16 32 217 358 
38 15.063 -25.171 25 7 1 6 1 2 4 8 16 32 391 565 
39 32.538 23.096 12 10 1 6 1 2 4 8 16 32 394 535 
40 57.874 -16.290 18 7 1 6 1 2 4 8 16 32 251 385 
41 36.456 -22.638 17 4 1 6 1 2 4 8 16 32 160 318 
42 -46.887 -3.363 14 13 1 6 1 2 4 8 16 32 64 192 
43 47.095 -21.387 10 9 1 6 1 2 4 8 16 32 281 438 
44 68.323 -5.145 11 19 1 6 1 2 4 8 16 32 424 553 
45 11.127 77.216 6 25 1 6 1 2 4 8 16 32 366 523 
46 31.537 66.638 20 19 1 6 1 2 4 8 16 32 475 593 
47 -3.577 13.342 14 7 1 6 1 2 4 8 16 32 389 513 
48 33.752 71.259 14 10 1 6 1 2 4 8 16 32 270 377 
49 28.430 -19.214 2 25 1 6 1 2 4 8 16 32 141 234 
50 10.870 -3.900 21 13 1 6 1 2 4 8 16 32 67 198 
51 33.008 58.960 3 15 1 6 1 2 4 8 16 32 180 304 
52 -67.981 -3.754 6 23 1 6 1 2 4 8 16 32 255 388 
53 -72.827 -27.765 25 13 1 6 1 2 4 8 16 32 258 351 
54 1.569 7.532 2 6 1 6 1 2 4 8 16 32 203 342 
55 10.718 -18.787 8 11 1 6 1 2 4 8 16 32 475 597 
56 -22.760 45.496 9 3 1 6 1 2 4 8 16 32 341 481 
57 28.766 45.276 7 12 1 6 1 2 4 8 16 32 247 426 
58 11.469 68.231 20 12 1 6 1 2 4 8 16 32 173 285 
59 71.179 12.543 15 6 1 6 1 2 4 8 16 32 129 244 
60 -10.388 34.491 25 22 1 6 1 2 4 8 16 32 60 154 
61 42.395 -8.344 0 0 0 0 0 1000       
62 -42.175 -14.554 0 0 0 0 0 1000       
63 16.034 40.726 0 0 0 0 0 1000       
64 -14.639 29.633 0 0 0 0 0 1000       
65 16.049 -3.934 0 0 0 0 0 1000       
66 46.112 12.430 0 0 0 0 0 1000       
