6 2 60 6            
475 190              
475 190              
475 190              
475 190              
475 190              
475 190              
1 -40.997 -43.036 25 15 1 6 1 2 4 8 16 32 148 326 
2 4.095 -19.354 13 7 1 6 1 2 4 8 16 32 309 456 
3 -60.956 -47.925 7 3 1 6 1 2 4 8 16 32 237 362 
4 -52.020 -40.137 18 13 1 6 1 2 4 8 16 32 76 229 
5 -5.920 44.061 12 4 1 6 1 2 4 8 16 32 382 553 
6 -46.368 -1.514 23 10 1 6 1 2 4 8 16 32 469 638 
7 51.154 -16.827 22 4 1 6 1 2 4 8 16 32 73 185 
8 25.647 24.139 6 18 1 6 1 2 4 8 16 32 320 483 
9 -9.070 42.798 17 3 1 6 1 2 4 8 16 32 227 380 
10 19.934 35.883 20 13 1 6 1 2 4 8 16 32 433 590 
11 -70.184 -39.166 13 18 1 6 1 2 4 8 16 32 257 399 
12 -2.618 22.131 20 18 1 6 1 2 4 8 16 32 369 464 
13 -24.261 35.907 22 1 1 6 1 2 4 8 16 32 436 607 
14 -68.335 -34.277 4 25 1 6 1 2 4 8 16 32 155 254 
15 -70.520 -3.809 23 22 1 6 1 2 4 8 16 32 319 456 
16 82.794 25.836 4 9 1 6 1 2 4 8 16 32 466 603 
17 2.032 26.727 8 10 1 6 1 2 4 8 16 32 200 329 
18 -24.194 -38.263 21 19 1 6 1 2 4 8 16 32 422 556 
19 -18.719 73.126 14 2 1 6 1 2 4 8 16 32 452 581 
20 -24.176 -72.894 8 19 1 6 1 2 4 8 16 32 268 399 
21 -51.160 34.967 18 12 1 6 1 2 4 8 16 32 345 512 
22 -19.214 23.749 24 12 1 6 1 2 4 8 16 32 194 310 
23 15.686 52.374 5 1 1 6 1 2 4 8 16 32 71 217 
24 -40.289 -42.303 6 20 1 6 1 2 4 8 16 32 434 571 
25 9.808 36.896 11 25 1 6 1 2 4 8 16 32 146 316 
26 4.205 0.812 25 11 1 6 1 2 4 8 16 32 212 312 
27 -56.659 25.555 13 19 1 6 1 2 4 8 16 32 236 364 
28 73.663 32.941 24 24 1 6 1 2 4 8 16 32 386 558 
29 0.946 25.458 12 9 1 6 1 2 4 8 16 32 452 592 
30 -22.772 -50.867 22 5 1 6 1 2 4 8 16 32 207 313 
31 -47.522 19.873 12 2 1 6 1 2 4 8 16 32 353 473 
32 -5.640 -26.721 6 22 1 6 1 2 4 8 16 32 442 578 
33 -91.669 77.722 17 23 1 6 1 2 4 8 16 32 335 455 
34 9.290 39.618 14 24 1 6 1 2 4 8 16 32 200 314 
35 -18.707 84.296 6 15 1 6 1 2 4 8 16 32 148 319 
36 9.955 26.337 5 14 1 6 1 2 4 8 16 32 421 596 
37 13.538 -21.313 15 9 1 6 1 2 4 8 16 32 217 387 
38 2.594 -15.002 18 1 1 6 1 2 4 8 16 32 211 371 
39 -19.061 4.480 12 25 1 6 1 2 4 8 16 32 79 250 
40 59.460 1.233 3 10 1 6 1 2 4 8 16 32 414 577 
41 -20.471 12.885 23 20 1 6 1 2 4 8 16 32 161 265 
42 -22.290 45.648 21 17 1 6 1 2 4 8 16 32 98 244 
43 -35.388 -5.341 12 16 1 6 1 2 4 8 16 32 329 435 
44 -2.972 -4.059 8 14 1 6 1 2 4 8 16 32 368 481 
45 -76.465 -38.922 23 20 1 6 1 2 4 8 16 32 283 375 
46 5.060 -14.349 23 8 1 6 1 2 4 8 16 32 408 585 
47 -15.662 17.462 21 16 1 6 1 2 4 8 16 32 230 363 
48 45.844 -36.835 10 6 1 6 1 2 4 8 16 32 115 250 
49 22.131 -50.012 21 12 1 6 1 2 4 8 16 32 131 233 
50 -6.317 56.665 11 6 1 6 1 2 4 8 16 32 70 216 
51 -64.709 -17.389 3 10 1 6 1 2 4 8 16 32 131 233 
52 -38.446 -23.541 1 21 1 6 1 2 4 8 16 32 433 610 
53 -21.869 -18.768 2 6 1 6 1 2 4 8 16 32 123 299 
54 -3.589 -27.734 19 21 1 6 1 2 4 8 16 32 390 507 
55 7.178 57.935 15 8 1 6 1 2 4 8 16 32 306 439 
56 -22.131 -17.065 11 5 1 6 1 2 4 8 16 32 207 352 
57 -30.255 74.701 10 11 1 6 1 2 4 8 16 32 103 233 
58 -54.071 -3.870 11 22 1 6 1 2 4 8 16 32 204 371 
59 1.489 -62.592 3 20 1 6 1 2 4 8 16 32 76 240 
60 -30.634 7.526 23 12 1 6 1 2 4 8 16 32 232 371 
61 -3.799 44.290 0 0 0 0 0 1000       
62 14.233 21.173 0 0 0 0 0 1000       
63 -23.334 -28.397 0 0 0 0 0 1000       
64 10.065 1.822 0 0 0 0 0 1000       
65 -49.115 -43.549 0 0 0 0 0 1000       
66 -21.054 4.144 0 0 0 0 0 1000       
