6 2 60 6            
450 180              
450 180              
450 180              
450 180              
450 180              
450 180              
1 23.785 12.177 24 1 1 6 1 2 4 8 16 32 231 340 
2 -40.503 8.038 8 7 1 6 1 2 4 8 16 32 341 470 
3 -8.398 -37.604 12 17 1 6 1 2 4 8 16 32 91 216 
4 79.480 -24.866 24 24 1 6 1 2 4 8 16 32 333 431 
5 -18.768 -23.663 24 16 1 6 1 2 4 8 16 32 215 326 
6 74.695 19.366 22 21 1 6 1 2 4 8 16 32 241 342 
7 47.321 24.414 3 16 1 6 1 2 4 8 16 32 427 561 
8 -37.952 1.685 15 18 1 6 1 2 4 8 16 32 175 288 
9 -2.930 13.220 23 19 1 6 1 2 4 8 16 32 310 476 
10 39.960 48.297 3 10 1 6 1 2 4 8 16 32 433 596 
11 -42.822 -30.170 12 24 1 6 1 2 4 8 16 32 188 354 
12 -39.362 -58.521 23 15 1 6 1 2 4 8 16 32 235 340 
13 14.728 28.906 15 20 1 6 1 2 4 8 16 32 174 329 
14 81.299 13.409 10 24 1 6 1 2 4 8 16 32 374 499 
15 -52.539 60.107 17 17 1 6 1 2 4 8 16 32 141 319 
16 80.035 5.273 10 2 1 6 1 2 4 8 16 32 351 521 
17 -19.769 8.392 9 19 1 6 1 2 4 8 16 32 358 486 
18 74.274 -19.922 22 7 1 6 1 2 4 8 16 32 337 457 
19 62.244 43.628 13 10 1 6 1 2 4 8 16 32 275 435 
20 -17.560 -10.480 19 14 1 6 1 2 4 8 16 32 263 423 
21 7.141 24.817 8 13 1 6 1 2 4 8 16 32 275 404 
22 15.021 13.708 4 3 1 6 1 2 4 8 16 32 310 483 
23 65.527 14.026 25 19 1 6 1 2 4 8 16 32 114 218 
24 -34.796 -22.205 23 20 1 6 1 2 4 8 16 32 284 438 
25 33.557 28.064 5 16 1 6 1 2 4 8 16 32 175 326 
26 -49.603 -76.624 7 16 1 6 1 2 4 8 16 32 206 333 
27 -19.751 -10.278 20 8 1 6 1 2 4 8 16 32 348 517 
28 23.877 9.808 11 14 1 6 1 2 4 8 16 32 403 537 
29 -4.803 43.036 20 2 1 6 1 2 4 8 16 32 366 466 
30 -53.027 -33.179 21 20 1 6 1 2 4 8 16 32 130 235 
31 -41.711 -5.133 14 21 1 6 1 2 4 8 16 32 438 532 
32 -13.995 -45.624 7 22 1 6 1 2 4 8 16 32 276 440 
33 -13.794 -27.106 18 13 1 6 1 2 4 8 16 32 108 245 
34 8.252 -91.150 17 7 1 6 1 2 4 8 16 32 424 515 
35 60.120 7.788 25 1 1 6 1 2 4 8 16 32 141 241 
36 9.491 -41.901 5 9 1 6 1 2 4 8 16 32 64 164 
37 -60.199 24.292 2 7 1 6 1 2 4 8 16 32 384 505 
38 33.948 45.209 10 22 1 6 1 2 4 8 16 32 125 215 
39 -24.628 -68.701 6 8 1 6 1 2 4 8 16 32 95 251 
40 -36.365 -48.163 5 5 1 6 1 2 4 8 16 32 377 538 
41 3.192 -88.654 18 19 1 6 1 2 4 8 16 32 254 431 
42 -31.299 -83.813 13 18 1 6 1 2 4 8 16 32 119 213 
43 8.099 80.725 3 8 1 6 1 2 4 8 16 32 477 638 
44 -2.338 -62.909 16 24 1 6 1 2 4 8 16 32 144 259 
45 43.079 42.017 3 20 1 6 1 2 4 8 16 32 214 358 
46 33.740 66.595 25 13 1 6 1 2 4 8 16 32 399 506 
47 -5.676 33.850 7 10 1 6 1 2 4 8 16 32 238 413 
48 -91.815 29.858 15 23 1 6 1 2 4 8 16 32 342 455 
49 -39.435 -5.902 22 19 1 6 1 2 4 8 16 32 63 175 
50 72.821 -38.916 3 12 1 6 1 2 4 8 16 32 347 514 
51 -36.725 25.494 16 5 1 6 1 2 4 8 16 32 439 542 
52 -22.961 -21.729 16 4 1 6 1 2 4 8 16 32 224 349 
53 32.397 -32.532 20 24 1 6 1 2 4 8 16 32 427 561 
54 -43.170 -30.487 16 15 1 6 1 2 4 8 16 32 408 507 
55 59.613 13.452 12 20 1 6 1 2 4 8 16 32 85 195 
56 36.261 26.782 6 23 1 6 1 2 4 8 16 32 80 252 
57 27.930 29.321 3 21 1 6 1 2 4 8 16 32 227 370 
58 41.058 22.931 6 12 1 6 1 2 4 8 16 32 264 412 
59 -56.378 -42.755 13 1 1 6 1 2 4 8 16 32 405 510 
60 -89.966 51.514 1 20 1 6 1 2 4 8 16 32 282 454 
61 -15.067 -23.950 0 0 0 0 0 1000       
62 38.791 22.443 0 0 0 0 0 1000       
63 -41.833 -35.361 0 0 0 0 0 1000       
64 -29.523 -4.843 0 0 0 0 0 1000       
65 49.725 11.990 0 0 0 0 0 1000       
66 21.133 14.142 0 0 0 0 0 1000       
