6 2 60 6            
425 170              
425 170              
425 170              
425 170              
425 170              
425 170              
1 -7.776 44.348 14 5 1 6 1 2 4 8 16 32 142 249 
2 -86.102 -59.808 13 20 1 6 1 2 4 8 16 32 390 530 
3 -3.668 -26.868 21 21 1 6 1 2 4 8 16 32 419 564 
4 -62.036 -43.439 21 18 1 6 1 2 4 8 16 32 78 168 
5 -32.922 23.828 14 24 1 6 1 2 4 8 16 32 333 482 
6 -10.260 -81.769 23 4 1 6 1 2 4 8 16 32 373 475 
7 -71.936 -20.160 11 15 1 6 1 2 4 8 16 32 107 228 
8 11.682 -63.336 15 16 1 6 1 2 4 8 16 32 387 497 
9 -62.195 -21.399 8 25 1 6 1 2 4 8 16 32 227 398 
10 -31.604 -60.938 6 21 1 6 1 2 4 8 16 32 135 305 
11 -16.479 48.657 3 6 1 6 1 2 4 8 16 32 287 452 
12 19.617 17.865 21 8 1 6 1 2 4 8 16 32 362 506 
13 22.412 -34.375 17 10 1 6 1 2 4 8 16 32 362 512 
14 31.097 -7.916 5 24 1 6 1 2 4 8 16 32 299 394 
15 -43.890 13.007 24 10 1 6 1 2 4 8 16 32 212 373 
16 -55.756 -33.490 7 15 1 6 1 2 4 8 16 32 180 275 
17 -32.135 -45.068 9 5 1 6 1 2 4 8 16 32 133 280 
18 40.576 -54.492 22 14 1 6 1 2 4 8 16 32 433 592 
19 14.587 48.444 14 9 1 6 1 2 4 8 16 32 312 453 
20 25.726 -25.836 7 4 1 6 1 2 4 8 16 32 316 492 
21 17.230 5.096 14 11 1 6 1 2 4 8 16 32 393 565 
22 -47.766 -35.590 24 20 1 6 1 2 4 8 16 32 65 172 
23 -32.806 -3.845 9 8 1 6 1 2 4 8 16 32 430 554 
24 -47.827 -45.203 21 1 1 6 1 2 4 8 16 32 330 494 
25 25.549 -3.796 3 1 1 6 1 2 4 8 16 32 458 555 
26 -9.283 -6.689 24 23 1 6 1 2 4 8 16 32 172 285 
27 -2.911 36.200 13 17 1 6 1 2 4 8 16 32 284 452 
28 -30.328 -0.580 14 18 1 6 1 2 4 8 16 32 170 299 
29 -52.161 -74.725 18 23 1 6 1 2 4 8 16 32 377 547 
30 -26.166 -56.152 14 11 1 6 1 2 4 8 16 32 375 501 
31 -28.662 -50.940 16 12 1 6 1 2 4 8 16 32 391 562 
32 29.315 54.468 4 22 1 6 1 2 4 8 16 32 195 371 
33 -59.436 36.487 24 23 1 6 1 2 4 8 16 32 108 259 
34 27.850 -10.028 8 22 1 6 1 2 4 8 16 32 467 641 
35 -47.083 -20.386 13 20 1 6 1 2 4 8 16 32 400 529 
36 16.016 11.169 1 18 1 6 1 2 4 8 16 32 141 288 
37 19.135 41.150 1 2 1 6 1 2 4 8 16 32 87 241 
38 0.549 3.644 18 17 1 6 1 2 4 8 16 32 368 514 
39 -10.114 69.977 20 22 1 6 1 2 4 8 16 32 461 584 
40 36.884 -17.371 9 5 1 6 1 2 4 8 16 32 354 527 
41 -53.253 14.099 21 10 1 6 1 2 4 8 16 32 204 374 
42 -28.058 -59.436 6 10 1 6 1 2 4 8 16 32 472 641 
43 -40.851 -47.742 23 8 1 6 1 2 4 8 16 32 311 455 
44 40.918 -36.090 6 10 1 6 1 2 4 8 16 32 269 375 
45 -23.639 -47.681 2 21 1 6 1 2 4 8 16 32 341 448 
46 16.040 16.681 19 1 1 6 1 2 4 8 16 32 244 383 
47 -54.706 -17.596 18 2 1 6 1 2 4 8 16 32 378 552 
48 -33.374 -62.024 6 1 1 6 1 2 4 8 16 32 128 305 
49 18.317 -37.750 11 1 1 6 1 2 4 8 16 32 451 614 
50 -64.178 63.812 22 11 1 6 1 2 4 8 16 32 383 557 
51 -18.939 57.690 24 12 1 6 1 2 4 8 16 32 172 333 
52 -22.803 5.658 15 16 1 6 1 2 4 8 16 32 127 247 
53 33.936 -48.718 4 1 1 6 1 2 4 8 16 32 93 193 
54 -40.582 -53.247 15 23 1 6 1 2 4 8 16 32 377 536 
55 -56.714 -39.252 19 2 1 6 1 2 4 8 16 32 163 337 
56 -38.727 -33.588 8 12 1 6 1 2 4 8 16 32 443 548 
57 -26.379 13.776 4 7 1 6 1 2 4 8 16 32 145 252 
58 -24.677 16.608 9 14 1 6 1 2 4 8 16 32 355 484 
59 -8.386 -2.264 11 12 1 6 1 2 4 8 16 32 175 314 
60 -99.591 23.303 25 3 1 6 1 2 4 8 16 32 90 226 
61 -40.198 -12.781 0 0 0 0 0 1000       
62 -40.488 -35.864 0 0 0 0 0 1000       
63 -1.193 2.515 0 0 0 0 0 1000       
64 18.329 -35.468 0 0 0 0 0 1000       
65 23.746 -0.522 0 0 0 0 0 1000       
66 -46.396 -39.923 0 0 0 0 0 1000       
