6 2 60 4            
480 195              
480 195              
480 195              
480 195              
1 16.925 15.741 17 19 1 4 1 2 4 8 299 649   
2 50.592 34.247 22 23 1 4 1 2 4 8 82 439   
3 35.406 10.278 9 13 1 4 1 2 4 8 179 487   
4 31.561 37.262 16 14 1 4 1 2 4 8 254 550   
5 76.416 11.346 22 3 1 4 1 2 4 8 74 431   
6 46.576 -17.938 10 20 1 4 1 2 4 8 207 517   
7 -21.204 13.660 14 5 1 4 1 2 4 8 129 460   
8 3.058 10.248 4 13 1 4 1 2 4 8 287 512   
9 86.176 59.344 1 3 1 4 1 2 4 8 223 555   
10 57.776 15.344 13 20 1 4 1 2 4 8 218 456   
11 -29.724 24.268 25 18 1 4 1 2 4 8 149 444   
12 42.950 68.701 9 21 1 4 1 2 4 8 232 544   
13 36.169 0.256 12 3 1 4 1 2 4 8 221 455   
14 65.057 5.225 5 4 1 4 1 2 4 8 146 397   
15 33.588 30.750 12 4 1 4 1 2 4 8 157 417   
16 42.761 38.092 20 13 1 4 1 2 4 8 264 486   
17 12.396 0.244 12 1 1 4 1 2 4 8 275 633   
18 -3.192 19.879 14 9 1 4 1 2 4 8 224 490   
19 77.759 55.817 19 3 1 4 1 2 4 8 219 569   
20 48.132 95.593 12 20 1 4 1 2 4 8 72 368   
21 52.075 9.692 12 13 1 4 1 2 4 8 61 305   
22 59.027 42.310 9 5 1 4 1 2 4 8 238 460   
23 -17.462 -56.567 11 9 1 4 1 2 4 8 67 423   
24 56.311 58.734 1 1 1 4 1 2 4 8 166 437   
25 76.312 86.670 5 21 1 4 1 2 4 8 144 336   
26 58.575 59.888 12 5 1 4 1 2 4 8 129 430   
27 2.576 32.721 20 20 1 4 1 2 4 8 264 448   
28 -1.172 20.648 19 3 1 4 1 2 4 8 121 464   
29 39.270 -33.057 15 15 1 4 1 2 4 8 113 306   
30 7.147 32.684 18 25 1 4 1 2 4 8 216 429   
31 37.085 -2.112 5 7 1 4 1 2 4 8 282 626   
32 -57.703 -65.601 16 4 1 4 1 2 4 8 279 560   
33 -20.544 19.086 8 3 1 4 1 2 4 8 222 434   
34 39.490 -8.539 10 11 1 4 1 2 4 8 149 442   
35 31.775 3.870 5 20 1 4 1 2 4 8 180 373   
36 98.846 1.257 11 13 1 4 1 2 4 8 82 337   
37 30.017 -30.896 25 4 1 4 1 2 4 8 185 405   
38 18.359 20.917 8 10 1 4 1 2 4 8 89 367   
39 -23.370 86.853 10 13 1 4 1 2 4 8 296 481   
40 45.184 35.474 16 24 1 4 1 2 4 8 187 386   
41 41.223 77.924 19 10 1 4 1 2 4 8 243 530   
42 82.593 72.003 22 5 1 4 1 2 4 8 141 335   
43 27.600 13.934 19 21 1 4 1 2 4 8 111 347   
44 19.049 41.974 11 2 1 4 1 2 4 8 71 262   
45 5.243 0.238 17 2 1 4 1 2 4 8 240 443   
46 64.484 2.240 18 8 1 4 1 2 4 8 77 280   
47 31.445 -7.001 23 4 1 4 1 2 4 8 270 617   
48 33.228 41.663 5 12 1 4 1 2 4 8 75 347   
49 15.131 -3.046 24 10 1 4 1 2 4 8 276 530   
50 33.630 37.585 22 18 1 4 1 2 4 8 90 425   
51 66.498 -54.169 8 11 1 4 1 2 4 8 198 504   
52 48.828 65.314 1 12 1 4 1 2 4 8 190 405   
53 -7.080 30.493 14 19 1 4 1 2 4 8 144 340   
54 -5.231 -2.081 3 8 1 4 1 2 4 8 192 481   
55 19.476 20.142 25 24 1 4 1 2 4 8 262 498   
56 68.884 -40.546 21 22 1 4 1 2 4 8 207 407   
57 3.857 -23.181 14 4 1 4 1 2 4 8 84 383   
58 55.353 43.817 10 4 1 4 1 2 4 8 138 339   
59 65.063 40.875 15 5 1 4 1 2 4 8 269 480   
60 -40.002 3.870 5 12 1 4 1 2 4 8 196 541   
61 6.229 10.590 0 0 0 0 0 1000       
62 32.663 44.730 0 0 0 0 0 1000       
63 48.807 48.792 0 0 0 0 0 1000       
64 33.179 -4.968 0 0 0 0 0 1000       
