6 3 60 4            
460 190              
460 190              
460 190              
460 190              
1 -58.557 59.375 25 19 1 4 1 2 4 8 104 427   
2 -40.417 49.988 9 22 1 4 1 2 4 8 193 540   
3 10.919 13.306 5 16 1 4 1 2 4 8 88 278   
4 -80.487 58.209 5 3 1 4 1 2 4 8 261 515   
5 -21.606 35.168 16 11 1 4 1 2 4 8 61 247   
6 -30.652 40.063 23 16 1 4 1 2 4 8 274 602   
7 -77.557 59.814 24 14 1 4 1 2 4 8 290 482   
8 -26.227 24.506 13 7 1 4 1 2 4 8 217 475   
9 -6.995 38.239 23 17 1 4 1 2 4 8 66 338   
10 -28.540 12.073 5 5 1 4 1 2 4 8 187 466   
11 25.311 -18.561 16 24 1 4 1 2 4 8 108 433   
12 -37.445 -42.505 4 1 1 4 1 2 4 8 234 444   
13 -2.625 16.632 4 7 1 4 1 2 4 8 256 572   
14 -63.379 -22.919 15 8 1 4 1 2 4 8 101 319   
15 5.151 47.815 8 17 1 4 1 2 4 8 108 356   
16 1.721 -20.447 25 6 1 4 1 2 4 8 269 627   
17 -41.864 27.710 21 11 1 4 1 2 4 8 274 482   
18 -39.172 47.998 11 12 1 4 1 2 4 8 71 351   
19 83.832 33.905 13 25 1 4 1 2 4 8 249 431   
20 -18.408 10.303 3 6 1 4 1 2 4 8 266 482   
21 -40.991 46.594 14 19 1 4 1 2 4 8 147 407   
22 -34.845 -27.185 4 22 1 4 1 2 4 8 237 465   
23 -6.995 22.522 13 6 1 4 1 2 4 8 271 626   
24 -94.415 15.192 15 12 1 4 1 2 4 8 73 319   
25 -47.205 67.725 24 16 1 4 1 2 4 8 85 390   
26 -37.311 56.836 5 4 1 4 1 2 4 8 117 433   
27 -10.419 60.364 7 22 1 4 1 2 4 8 268 566   
28 47.131 -45.465 7 11 1 4 1 2 4 8 182 387   
29 -89.960 -39.532 19 16 1 4 1 2 4 8 212 397   
30 -15.741 -47.638 10 9 1 4 1 2 4 8 196 434   
31 12.653 -48.340 5 11 1 4 1 2 4 8 284 546   
32 45.544 51.410 3 4 1 4 1 2 4 8 207 407   
33 -55.280 -24.371 25 9 1 4 1 2 4 8 204 515   
34 -53.516 -21.619 20 5 1 4 1 2 4 8 195 547   
35 -43.921 63.251 10 22 1 4 1 2 4 8 81 344   
36 -68.280 93.073 10 19 1 4 1 2 4 8 190 374   
37 -49.072 -38.489 20 10 1 4 1 2 4 8 169 352   
38 -56.268 -64.740 13 14 1 4 1 2 4 8 280 514   
39 11.353 26.221 23 13 1 4 1 2 4 8 93 437   
40 -85.718 -28.015 21 23 1 4 1 2 4 8 66 278   
41 82.977 -1.660 16 1 1 4 1 2 4 8 182 517   
42 1.410 92.938 10 3 1 4 1 2 4 8 215 418   
43 64.459 -62.946 5 18 1 4 1 2 4 8 269 560   
44 18.958 40.088 24 21 1 4 1 2 4 8 172 383   
45 -53.674 -56.427 9 1 1 4 1 2 4 8 268 491   
46 15.332 -42.169 1 3 1 4 1 2 4 8 219 562   
47 30.316 -55.322 2 2 1 4 1 2 4 8 257 493   
48 -58.966 -29.541 14 4 1 4 1 2 4 8 182 501   
49 39.893 -38.916 11 14 1 4 1 2 4 8 111 325   
50 23.712 29.492 23 22 1 4 1 2 4 8 298 487   
51 -55.896 18.457 22 18 1 4 1 2 4 8 92 400   
52 15.442 -18.719 15 9 1 4 1 2 4 8 89 374   
53 -48.779 16.968 24 23 1 4 1 2 4 8 236 582   
54 -59.937 -65.802 5 23 1 4 1 2 4 8 117 316   
55 -69.348 80.408 16 10 1 4 1 2 4 8 197 450   
56 -43.109 -43.439 4 14 1 4 1 2 4 8 139 386   
57 59.314 54.095 11 3 1 4 1 2 4 8 234 526   
58 10.315 -12.518 15 1 1 4 1 2 4 8 192 397   
59 74.084 -34.216 20 5 1 4 1 2 4 8 164 462   
60 15.546 -36.273 1 17 1 4 1 2 4 8 122 450   
61 -40.082 -24.780 0 0 0 0 0 1000       
62 24.292 -27.704 0 0 0 0 0 1000       
63 -45.877 41.092 0 0 0 0 0 1000       
64 -11.896 15.875 0 0 0 0 0 1000       
