6 3 60 4            
440 185              
440 185              
440 185              
440 185              
1 -90.466 10.278 12 21 1 4 1 2 4 8 116 447   
2 4.614 27.051 12 10 1 4 1 2 4 8 189 513   
3 -40.039 27.435 22 15 1 4 1 2 4 8 247 481   
4 -20.361 18.878 3 25 1 4 1 2 4 8 175 448   
5 10.754 -28.552 6 2 1 4 1 2 4 8 214 463   
6 8.679 -66.180 6 20 1 4 1 2 4 8 275 518   
7 -29.553 9.277 8 8 1 4 1 2 4 8 271 457   
8 -16.779 43.439 25 25 1 4 1 2 4 8 271 576   
9 22.009 -8.636 5 21 1 4 1 2 4 8 164 387   
10 -28.857 5.957 5 14 1 4 1 2 4 8 122 366   
11 19.867 77.515 12 5 1 4 1 2 4 8 116 331   
12 12.946 -11.688 19 2 1 4 1 2 4 8 219 491   
13 17.413 75.146 10 6 1 4 1 2 4 8 296 624   
14 5.481 -31.500 23 6 1 4 1 2 4 8 140 443   
15 8.356 67.041 14 7 1 4 1 2 4 8 244 489   
16 57.483 35.504 17 15 1 4 1 2 4 8 194 408   
17 -18.677 49.005 25 3 1 4 1 2 4 8 98 280   
18 -47.339 20.911 25 19 1 4 1 2 4 8 275 584   
19 -21.063 26.019 18 19 1 4 1 2 4 8 154 380   
20 14.728 -3.436 14 8 1 4 1 2 4 8 186 498   
21 7.239 17.322 12 20 1 4 1 2 4 8 177 523   
22 12.140 30.042 23 19 1 4 1 2 4 8 64 419   
23 -50.458 7.812 11 2 1 4 1 2 4 8 154 449   
24 -46.802 -14.661 18 10 1 4 1 2 4 8 78 317   
25 -16.864 7.776 15 22 1 4 1 2 4 8 173 411   
26 34.454 -8.289 7 22 1 4 1 2 4 8 106 322   
27 7.959 -28.662 18 9 1 4 1 2 4 8 113 465   
28 -13.971 28.198 18 11 1 4 1 2 4 8 157 349   
29 48.224 0.085 19 11 1 4 1 2 4 8 288 503   
30 -34.454 42.346 25 8 1 4 1 2 4 8 90 435   
31 18.988 6.219 23 20 1 4 1 2 4 8 244 557   
32 -0.897 -54.938 21 9 1 4 1 2 4 8 276 560   
33 -6.500 71.436 9 14 1 4 1 2 4 8 146 393   
34 -56.958 27.905 10 9 1 4 1 2 4 8 92 325   
35 -3.418 89.594 20 3 1 4 1 2 4 8 63 383   
36 -24.109 -34.625 10 3 1 4 1 2 4 8 177 514   
37 -32.184 -16.736 4 22 1 4 1 2 4 8 87 389   
38 19.843 -49.805 10 7 1 4 1 2 4 8 60 370   
39 12.079 -42.346 19 7 1 4 1 2 4 8 74 359   
40 -36.694 -6.256 17 24 1 4 1 2 4 8 142 488   
41 14.093 -13.605 12 19 1 4 1 2 4 8 249 529   
42 -16.064 8.557 11 4 1 4 1 2 4 8 135 362   
43 -48.816 25.568 24 2 1 4 1 2 4 8 165 354   
44 -19.812 0.922 12 6 1 4 1 2 4 8 189 510   
45 14.954 -36.719 8 2 1 4 1 2 4 8 227 426   
46 -33.954 -73.059 20 16 1 4 1 2 4 8 159 416   
47 5.597 -34.076 9 12 1 4 1 2 4 8 289 478   
48 -44.629 -55.640 6 11 1 4 1 2 4 8 87 312   
49 8.875 40.662 10 21 1 4 1 2 4 8 220 512   
50 76.880 -29.901 6 2 1 4 1 2 4 8 231 589   
51 0.446 -46.735 25 22 1 4 1 2 4 8 170 483   
52 1.093 -7.135 15 12 1 4 1 2 4 8 292 563   
53 5.048 -35.046 19 8 1 4 1 2 4 8 169 447   
54 -22.034 -36.896 12 16 1 4 1 2 4 8 297 484   
55 32.538 11.786 15 19 1 4 1 2 4 8 151 465   
56 -0.739 59.491 20 21 1 4 1 2 4 8 174 496   
57 -4.584 3.491 3 10 1 4 1 2 4 8 82 406   
58 13.696 34.607 5 9 1 4 1 2 4 8 235 555   
59 17.133 37.079 4 4 1 4 1 2 4 8 243 555   
60 -34.442 -63.312 13 23 1 4 1 2 4 8 130 359   
61 -0.140 7.266 0 0 0 0 0 1000       
62 -23.138 48.450 0 0 0 0 0 1000       
63 -26.102 16.809 0 0 0 0 0 1000       
64 0.244 -35.892 0 0 0 0 0 1000       
