6 3 60 4            
420 180              
420 180              
420 180              
420 180              
1 -59.399 1.514 16 15 1 4 1 2 4 8 120 366   
2 -44.354 -38.202 22 13 1 4 1 2 4 8 126 406   
3 23.041 -14.496 16 16 1 4 1 2 4 8 280 538   
4 38.806 36.243 10 10 1 4 1 2 4 8 207 427   
5 -6.195 -8.881 6 16 1 4 1 2 4 8 101 434   
6 63.043 60.022 23 1 1 4 1 2 4 8 128 372   
7 -47.125 -77.850 25 16 1 4 1 2 4 8 180 403   
8 27.527 -15.344 3 18 1 4 1 2 4 8 158 399   
9 -17.944 7.733 14 3 1 4 1 2 4 8 106 465   
10 63.416 -8.636 1 3 1 4 1 2 4 8 226 456   
11 -37.732 3.351 4 1 1 4 1 2 4 8 177 373   
12 9.784 49.280 16 24 1 4 1 2 4 8 106 336   
13 -18.512 65.405 10 3 1 4 1 2 4 8 232 437   
14 66.394 -26.691 7 9 1 4 1 2 4 8 132 455   
15 10.382 -16.302 17 19 1 4 1 2 4 8 297 488   
16 -2.875 0.787 8 2 1 4 1 2 4 8 223 492   
17 15.424 4.913 5 10 1 4 1 2 4 8 226 438   
18 -0.641 -21.289 4 19 1 4 1 2 4 8 78 417   
19 6.854 19.073 8 11 1 4 1 2 4 8 158 431   
20 -0.647 -27.502 3 21 1 4 1 2 4 8 175 451   
21 -17.444 -70.795 10 20 1 4 1 2 4 8 143 384   
22 -2.734 18.774 13 18 1 4 1 2 4 8 92 331   
23 28.448 10.242 12 25 1 4 1 2 4 8 132 489   
24 63.885 -52.881 23 16 1 4 1 2 4 8 216 564   
25 -25.275 -12.183 4 12 1 4 1 2 4 8 144 394   
26 2.972 -43.689 3 21 1 4 1 2 4 8 164 492   
27 34.265 -23.895 24 25 1 4 1 2 4 8 299 541   
28 -38.947 52.942 3 23 1 4 1 2 4 8 183 429   
29 -6.219 25.305 13 22 1 4 1 2 4 8 114 374   
30 56.927 -75.507 15 21 1 4 1 2 4 8 296 551   
31 32.056 -10.175 1 11 1 4 1 2 4 8 260 542   
32 33.240 -30.487 21 20 1 4 1 2 4 8 187 389   
33 35.638 -47.552 23 5 1 4 1 2 4 8 131 470   
34 27.167 -5.713 20 18 1 4 1 2 4 8 216 492   
35 -10.541 12.402 10 5 1 4 1 2 4 8 70 388   
36 3.705 -16.449 24 18 1 4 1 2 4 8 68 362   
37 69.171 72.577 12 22 1 4 1 2 4 8 151 429   
38 17.664 -25.604 17 18 1 4 1 2 4 8 182 457   
39 16.980 -16.321 12 5 1 4 1 2 4 8 222 518   
40 13.885 -36.230 7 1 1 4 1 2 4 8 195 383   
41 29.572 -24.561 5 13 1 4 1 2 4 8 69 360   
42 -31.519 34.589 6 19 1 4 1 2 4 8 251 560   
43 -7.135 -57.434 3 11 1 4 1 2 4 8 69 397   
44 14.716 -23.724 16 14 1 4 1 2 4 8 162 408   
45 -18.524 -29.486 20 4 1 4 1 2 4 8 66 334   
46 -5.737 -28.296 24 23 1 4 1 2 4 8 75 351   
47 7.446 18.500 12 23 1 4 1 2 4 8 267 567   
48 46.844 4.712 1 17 1 4 1 2 4 8 60 374   
49 25.311 12.689 24 19 1 4 1 2 4 8 208 388   
50 52.814 35.046 12 16 1 4 1 2 4 8 144 413   
51 33.472 20.026 12 12 1 4 1 2 4 8 255 453   
52 57.050 -50.354 6 15 1 4 1 2 4 8 261 509   
53 -0.372 -27.264 10 1 1 4 1 2 4 8 120 406   
54 -26.837 -54.272 1 17 1 4 1 2 4 8 147 462   
55 15.594 -5.817 21 18 1 4 1 2 4 8 183 533   
56 1.819 -3.009 20 6 1 4 1 2 4 8 231 566   
57 52.423 29.895 17 24 1 4 1 2 4 8 227 528   
58 -15.753 -40.204 1 17 1 4 1 2 4 8 182 423   
59 16.254 -22.583 17 15 1 4 1 2 4 8 216 536   
60 -6.250 10.217 23 13 1 4 1 2 4 8 263 578   
61 34.430 -17.151 0 0 0 0 0 1000       
62 0.269 -8.154 0 0 0 0 0 1000       
63 3.140 13.297 0 0 0 0 0 1000       
64 -3.113 -29.745 0 0 0 0 0 1000       
