6 3 60 4            
400 175              
400 175              
400 175              
400 175              
1 -13.818 1.245 8 15 1 4 1 2 4 8 186 537   
2 34.515 3.967 25 7 1 4 1 2 4 8 159 370   
3 2.948 -20.398 5 6 1 4 1 2 4 8 158 391   
4 -46.588 -22.266 5 11 1 4 1 2 4 8 151 414   
5 -57.703 -10.480 1 1 1 4 1 2 4 8 144 324   
6 69.440 1.379 16 23 1 4 1 2 4 8 128 405   
7 -41.528 -37.097 11 4 1 4 1 2 4 8 203 439   
8 -43.811 -43.036 11 14 1 4 1 2 4 8 168 483   
9 -52.954 31.738 19 24 1 4 1 2 4 8 207 452   
10 53.369 13.770 11 6 1 4 1 2 4 8 191 532   
11 40.277 -1.379 17 6 1 4 1 2 4 8 94 403   
12 46.741 1.453 14 5 1 4 1 2 4 8 223 544   
13 62.653 20.667 9 6 1 4 1 2 4 8 261 563   
14 45.038 10.785 12 16 1 4 1 2 4 8 79 315   
15 28.918 -7.117 2 1 1 4 1 2 4 8 67 401   
16 -92.346 -4.517 9 25 1 4 1 2 4 8 95 299   
17 -49.927 -36.713 24 2 1 4 1 2 4 8 128 447   
18 67.578 13.007 20 17 1 4 1 2 4 8 281 545   
19 -25.391 0.220 6 12 1 4 1 2 4 8 122 328   
20 -12.054 -20.612 10 22 1 4 1 2 4 8 241 514   
21 52.417 -28.363 1 16 1 4 1 2 4 8 85 280   
22 30.707 65.704 19 2 1 4 1 2 4 8 255 528   
23 -1.855 -24.475 8 5 1 4 1 2 4 8 258 482   
24 -26.050 -33.313 6 7 1 4 1 2 4 8 142 464   
25 68.030 -12.482 14 4 1 4 1 2 4 8 66 411   
26 -75.385 -30.811 7 17 1 4 1 2 4 8 219 411   
27 -82.654 24.323 3 5 1 4 1 2 4 8 294 503   
28 15.869 8.716 2 24 1 4 1 2 4 8 127 351   
29 -6.622 15.216 15 4 1 4 1 2 4 8 81 286   
30 39.612 -1.550 15 4 1 4 1 2 4 8 151 403   
31 40.167 8.594 4 16 1 4 1 2 4 8 114 332   
32 25.403 0.531 21 1 1 4 1 2 4 8 63 412   
33 -35.187 19.226 8 2 1 4 1 2 4 8 151 340   
34 -3.510 6.256 1 23 1 4 1 2 4 8 188 446   
35 -96.857 -19.391 12 15 1 4 1 2 4 8 256 467   
36 8.411 -81.274 5 17 1 4 1 2 4 8 104 439   
37 10.071 37.164 9 19 1 4 1 2 4 8 214 552   
38 -46.039 -22.565 15 9 1 4 1 2 4 8 85 341   
39 11.047 -20.905 15 21 1 4 1 2 4 8 274 462   
40 36.920 -4.987 21 21 1 4 1 2 4 8 212 448   
41 17.560 13.214 17 8 1 4 1 2 4 8 244 488   
42 -22.614 -32.794 19 20 1 4 1 2 4 8 195 379   
43 18.671 -41.010 20 2 1 4 1 2 4 8 148 412   
44 -53.461 9.296 16 12 1 4 1 2 4 8 291 473   
45 54.260 -9.259 15 11 1 4 1 2 4 8 133 346   
46 -26.379 -63.055 19 5 1 4 1 2 4 8 90 434   
47 8.032 41.821 5 1 1 4 1 2 4 8 153 335   
48 86.340 -45.935 11 3 1 4 1 2 4 8 82 303   
49 2.625 5.072 22 2 1 4 1 2 4 8 271 563   
50 33.276 15.881 7 23 1 4 1 2 4 8 193 535   
51 -14.233 -74.988 4 14 1 4 1 2 4 8 62 246   
52 -7.184 -63.721 11 18 1 4 1 2 4 8 279 472   
53 -17.322 97.260 9 23 1 4 1 2 4 8 136 337   
54 -2.875 -42.841 23 13 1 4 1 2 4 8 121 406   
55 29.272 -6.494 11 1 1 4 1 2 4 8 218 552   
56 -45.581 -28.717 14 13 1 4 1 2 4 8 141 353   
57 -70.953 -3.217 10 2 1 4 1 2 4 8 206 524   
58 45.593 4.346 25 15 1 4 1 2 4 8 101 359   
59 -44.019 -22.784 5 24 1 4 1 2 4 8 111 393   
60 6.024 -31.018 16 4 1 4 1 2 4 8 298 478   
61 2.277 7.840 0 0 0 0 0 1000       
62 32.883 -1.779 0 0 0 0 0 1000       
63 -49.554 -17.828 0 0 0 0 0 1000       
64 3.690 -26.099 0 0 0 0 0 1000       
