6 2 60 6            
500 200              
500 200              
500 200              
500 200              
500 200              
500 200              
1 -31.207 43.494 18 6 1 6 1 2 4 8 16 32 186 537 
2 19.910 48.975 1 23 1 6 1 2 4 8 16 32 226 449 
3 -70.740 62.244 23 8 1 6 1 2 4 8 16 32 82 303 
4 -49.426 60.602 1 24 1 6 1 2 4 8 16 32 155 423 
5 36.456 -22.638 17 4 1 6 1 2 4 8 16 32 128 405 
6 10.718 -18.787 8 11 1 6 1 2 4 8 16 32 272 490 
7 -29.785 -11.285 19 13 1 6 1 2 4 8 16 32 155 513 
8 31.635 53.619 10 25 1 6 1 2 4 8 16 32 101 359 
9 -3.577 13.342 14 7 1 6 1 2 4 8 16 32 104 337 
10 10.870 -3.900 21 13 1 6 1 2 4 8 16 32 218 552 
11 -28.540 -3.485 3 9 1 6 1 2 4 8 16 32 243 563 
12 25.409 -11.700 14 8 1 6 1 2 4 8 16 32 69 277 
13 -92.700 -59.180 8 20 1 6 1 2 4 8 16 32 94 327 
14 11.469 68.231 20 12 1 6 1 2 4 8 16 32 277 564 
15 63.385 11.981 16 21 1 6 1 2 4 8 16 32 66 411 
16 33.752 71.259 14 10 1 6 1 2 4 8 16 32 195 379 
17 -30.194 67.773 13 18 1 6 1 2 4 8 16 32 85 406 
18 9.198 -18.597 16 16 1 6 1 2 4 8 16 32 165 524 
19 14.722 -10.834 22 17 1 6 1 2 4 8 16 32 178 512 
20 47.192 -5.475 23 10 1 6 1 2 4 8 16 32 173 357 
21 -51.453 -36.444 24 9 1 6 1 2 4 8 16 32 195 550 
22 -39.960 6.195 5 5 1 6 1 2 4 8 16 32 81 325 
23 28.766 45.276 7 12 1 6 1 2 4 8 16 32 142 452 
24 -65.674 -23.120 12 22 1 6 1 2 4 8 16 32 97 402 
25 53.546 -67.487 21 10 1 6 1 2 4 8 16 32 113 400 
26 -17.035 49.774 8 10 1 6 1 2 4 8 16 32 197 488 
27 -66.833 -37.854 4 7 1 6 1 2 4 8 16 32 73 332 
28 -56.012 -10.394 10 2 1 6 1 2 4 8 16 32 151 403 
29 16.058 33.020 20 20 1 6 1 2 4 8 16 32 291 642 
30 26.801 46.515 21 18 1 6 1 2 4 8 16 32 226 465 
31 -10.388 34.491 25 22 1 6 1 2 4 8 16 32 72 335 
32 47.095 -21.387 10 9 1 6 1 2 4 8 16 32 180 433 
33 78.900 17.651 15 23 1 6 1 2 4 8 16 32 261 489 
34 12.677 -57.471 6 1 1 6 1 2 4 8 16 32 87 309 
35 12.878 16.919 20 1 1 6 1 2 4 8 16 32 179 538 
36 -89.050 16.211 6 15 1 6 1 2 4 8 16 32 96 340 
37 -14.972 30.621 23 20 1 6 1 2 4 8 16 32 212 448 
38 -9.137 -22.931 21 23 1 6 1 2 4 8 16 32 267 563 
39 79.822 22.272 7 11 1 6 1 2 4 8 16 32 254 446 
40 15.063 -25.171 25 7 1 6 1 2 4 8 16 32 127 351 
41 68.323 -5.145 11 19 1 6 1 2 4 8 16 32 181 429 
42 7.239 1.599 10 21 1 6 1 2 4 8 16 32 96 340 
43 -22.760 45.496 9 3 1 6 1 2 4 8 16 32 203 439 
44 31.415 36.859 21 2 1 6 1 2 4 8 16 32 256 508 
45 53.088 -18.750 6 4 1 6 1 2 4 8 16 32 221 529 
46 -72.827 -27.765 25 13 1 6 1 2 4 8 16 32 298 478 
47 -67.981 -3.754 6 23 1 6 1 2 4 8 16 32 253 440 
48 -16.315 -11.267 21 23 1 6 1 2 4 8 16 32 283 573 
49 -32.355 -20.966 5 15 1 6 1 2 4 8 16 32 104 439 
50 31.537 66.638 20 19 1 6 1 2 4 8 16 32 294 651 
51 54.877 -41.168 18 12 1 6 1 2 4 8 16 32 268 599 
52 -4.694 25.537 7 10 1 6 1 2 4 8 16 32 261 563 
53 -35.950 -19.141 10 10 1 6 1 2 4 8 16 32 72 425 
54 25.122 7.672 25 15 1 6 1 2 4 8 16 32 164 417 
55 -46.997 -17.474 14 4 1 6 1 2 4 8 16 32 276 592 
56 71.179 12.543 15 6 1 6 1 2 4 8 16 32 206 531 
57 -13.104 62.158 25 20 1 6 1 2 4 8 16 32 81 286 
58 57.874 -16.290 18 7 1 6 1 2 4 8 16 32 298 578 
59 -92.950 63.263 25 2 1 6 1 2 4 8 16 32 129 329 
60 32.538 23.096 12 10 1 6 1 2 4 8 16 32 282 630 
61 42.395 -8.344 0 0 0 0 0 1000       
62 -42.175 -14.554 0 0 0 0 0 1000       
63 16.034 40.726 0 0 0 0 0 1000       
64 -14.639 29.633 0 0 0 0 0 1000       
65 16.049 -3.934 0 0 0 0 0 1000       
66 46.112 12.430 0 0 0 0 0 1000       
