6 2 60 6            
475 190              
475 190              
475 190              
475 190              
475 190              
475 190              
1 -47.522 19.873 12 2 1 6 1 2 4 8 16 32 251 463 
2 -56.659 25.555 13 19 1 6 1 2 4 8 16 32 229 423 
3 44.092 12.433 24 18 1 6 1 2 4 8 16 32 226 566 
4 2.350 -81.805 18 14 1 6 1 2 4 8 16 32 159 370 
5 -51.746 -79.840 10 24 1 6 1 2 4 8 16 32 130 428 
6 -22.290 45.648 21 17 1 6 1 2 4 8 16 32 234 489 
7 50.128 -66.046 3 12 1 6 1 2 4 8 16 32 92 447 
8 -37.378 12.256 7 20 1 6 1 2 4 8 16 32 67 347 
9 -0.861 -16.418 8 25 1 6 1 2 4 8 16 32 275 536 
10 -61.365 -18.463 6 23 1 6 1 2 4 8 16 32 192 547 
11 45.844 -36.835 10 6 1 6 1 2 4 8 16 32 153 354 
12 -24.194 -38.263 21 19 1 6 1 2 4 8 16 32 138 396 
13 72.095 20.233 1 6 1 6 1 2 4 8 16 32 123 469 
14 4.205 0.812 25 11 1 6 1 2 4 8 16 32 136 483 
15 -54.071 -3.870 11 22 1 6 1 2 4 8 16 32 133 358 
16 -3.296 36.774 4 15 1 6 1 2 4 8 16 32 141 341 
17 -60.956 -47.925 7 3 1 6 1 2 4 8 16 32 275 535 
18 22.131 -50.012 21 12 1 6 1 2 4 8 16 32 287 470 
19 2.594 -15.002 18 1 1 6 1 2 4 8 16 32 145 419 
20 58.771 -7.056 8 9 1 6 1 2 4 8 16 32 220 442 
21 -50.995 19.781 12 12 1 6 1 2 4 8 16 32 243 438 
22 -17.609 -71.851 9 25 1 6 1 2 4 8 16 32 226 428 
23 -15.662 17.462 21 16 1 6 1 2 4 8 16 32 215 524 
24 -52.020 -40.137 18 13 1 6 1 2 4 8 16 32 291 516 
25 61.206 -13.501 25 8 1 6 1 2 4 8 16 32 263 469 
26 -21.869 -18.768 2 6 1 6 1 2 4 8 16 32 269 514 
27 -37.256 -44.861 8 13 1 6 1 2 4 8 16 32 145 412 
28 -47.272 -46.326 23 22 1 6 1 2 4 8 16 32 205 527 
29 -44.629 -61.975 21 11 1 6 1 2 4 8 16 32 230 527 
30 -76.465 -38.922 23 20 1 6 1 2 4 8 16 32 186 431 
31 5.627 -88.501 15 10 1 6 1 2 4 8 16 32 117 302 
32 -3.052 70.898 17 9 1 6 1 2 4 8 16 32 108 372 
33 2.032 26.727 8 10 1 6 1 2 4 8 16 32 262 451 
34 -5.920 44.061 12 4 1 6 1 2 4 8 16 32 245 511 
35 -22.131 -17.065 11 5 1 6 1 2 4 8 16 32 290 546 
36 -22.827 36.810 18 12 1 6 1 2 4 8 16 32 289 591 
37 -13.190 66.498 2 13 1 6 1 2 4 8 16 32 154 335 
38 -18.719 73.126 14 2 1 6 1 2 4 8 16 32 280 505 
39 -26.758 14.807 13 12 1 6 1 2 4 8 16 32 105 353 
40 73.663 32.941 24 24 1 6 1 2 4 8 16 32 66 271 
41 66.827 -30.554 1 15 1 6 1 2 4 8 16 32 163 389 
42 -33.624 50.330 22 23 1 6 1 2 4 8 16 32 165 520 
43 -61.877 -73.901 11 15 1 6 1 2 4 8 16 32 164 447 
44 -73.505 -48.279 24 4 1 6 1 2 4 8 16 32 173 360 
45 -30.035 -78.284 22 13 1 6 1 2 4 8 16 32 265 572 
46 -76.862 -11.365 20 8 1 6 1 2 4 8 16 32 246 443 
47 -25.653 -0.372 2 12 1 6 1 2 4 8 16 32 229 568 
48 59.460 1.233 3 10 1 6 1 2 4 8 16 32 125 350 
49 -81.458 -41.565 11 4 1 6 1 2 4 8 16 32 259 608 
50 -71.619 73.077 3 9 1 6 1 2 4 8 16 32 277 628 
51 -91.669 77.722 17 23 1 6 1 2 4 8 16 32 286 523 
52 -37.158 -30.768 22 23 1 6 1 2 4 8 16 32 148 448 
53 44.666 20.953 2 14 1 6 1 2 4 8 16 32 82 364 
54 -23.071 -12.659 12 25 1 6 1 2 4 8 16 32 136 465 
55 9.290 39.618 14 24 1 6 1 2 4 8 16 32 229 417 
56 19.104 44.672 11 25 1 6 1 2 4 8 16 32 161 344 
57 -33.008 10.992 20 19 1 6 1 2 4 8 16 32 89 311 
58 -74.286 -52.307 5 6 1 6 1 2 4 8 16 32 265 502 
59 -35.388 -5.341 12 16 1 6 1 2 4 8 16 32 127 338 
60 -9.216 -30.988 8 6 1 6 1 2 4 8 16 32 95 288 
61 -3.799 44.290 0 0 0 0 0 1000       
62 14.233 21.173 0 0 0 0 0 1000       
63 -23.334 -28.397 0 0 0 0 0 1000       
64 10.065 1.822 0 0 0 0 0 1000       
65 -49.115 -43.549 0 0 0 0 0 1000       
66 -21.054 4.144 0 0 0 0 0 1000       
