6 2 60 6            
450 180              
450 180              
450 180              
450 180              
450 180              
450 180              
1 -89.966 51.514 1 20 1 6 1 2 4 8 16 32 159 430 
2 -21.088 -13.293 4 1 1 6 1 2 4 8 16 32 136 435 
3 92.847 45.587 8 23 1 6 1 2 4 8 16 32 92 321 
4 18.457 19.733 9 16 1 6 1 2 4 8 16 32 209 554 
5 48.242 47.284 6 17 1 6 1 2 4 8 16 32 243 582 
6 -17.548 -46.765 5 14 1 6 1 2 4 8 16 32 157 340 
7 64.203 77.612 7 25 1 6 1 2 4 8 16 32 289 589 
8 -2.930 13.220 23 19 1 6 1 2 4 8 16 32 163 482 
9 -91.095 -80.737 25 4 1 6 1 2 4 8 16 32 253 597 
10 -40.308 -7.452 6 11 1 6 1 2 4 8 16 32 207 422 
11 -4.608 -13.806 25 2 1 6 1 2 4 8 16 32 161 462 
12 -19.769 8.392 9 19 1 6 1 2 4 8 16 32 94 408 
13 39.960 48.297 3 10 1 6 1 2 4 8 16 32 95 415 
14 12.103 23.840 24 1 1 6 1 2 4 8 16 32 243 443 
15 -64.520 -13.232 10 13 1 6 1 2 4 8 16 32 211 395 
16 47.919 13.629 15 16 1 6 1 2 4 8 16 32 141 410 
17 -38.538 -37.396 19 15 1 6 1 2 4 8 16 32 87 343 
18 -37.366 -12.097 15 9 1 6 1 2 4 8 16 32 127 379 
19 -53.027 -33.179 21 20 1 6 1 2 4 8 16 32 120 416 
20 1.257 29.156 9 2 1 6 1 2 4 8 16 32 225 521 
21 35.144 14.734 22 6 1 6 1 2 4 8 16 32 66 415 
22 23.877 9.808 11 14 1 6 1 2 4 8 16 32 231 558 
23 -53.021 -21.484 1 4 1 6 1 2 4 8 16 32 126 460 
24 54.962 2.985 15 23 1 6 1 2 4 8 16 32 87 317 
25 18.738 21.399 4 5 1 6 1 2 4 8 16 32 99 317 
26 41.998 0.153 17 2 1 6 1 2 4 8 16 32 203 391 
27 -54.675 -18.439 6 22 1 6 1 2 4 8 16 32 115 335 
28 -60.199 24.292 2 7 1 6 1 2 4 8 16 32 281 559 
29 29.077 63.116 4 15 1 6 1 2 4 8 16 32 186 426 
30 60.120 7.788 25 1 1 6 1 2 4 8 16 32 202 483 
31 -6.494 -29.425 23 19 1 6 1 2 4 8 16 32 94 292 
32 3.192 -88.654 18 19 1 6 1 2 4 8 16 32 203 457 
33 86.029 38.916 3 24 1 6 1 2 4 8 16 32 73 396 
34 -91.815 29.858 15 23 1 6 1 2 4 8 16 32 140 496 
35 -62.036 -21.326 12 5 1 6 1 2 4 8 16 32 161 470 
36 -12.225 14.148 19 19 1 6 1 2 4 8 16 32 197 482 
37 -24.628 -68.701 6 8 1 6 1 2 4 8 16 32 124 439 
38 -41.711 -5.133 14 21 1 6 1 2 4 8 16 32 97 374 
39 -69.824 -50.354 16 6 1 6 1 2 4 8 16 32 65 394 
40 -65.552 -40.222 13 11 1 6 1 2 4 8 16 32 266 573 
41 20.270 -4.999 5 21 1 6 1 2 4 8 16 32 176 427 
42 71.869 29.034 22 25 1 6 1 2 4 8 16 32 160 497 
43 10.980 -7.605 6 3 1 6 1 2 4 8 16 32 162 399 
44 33.948 45.209 10 22 1 6 1 2 4 8 16 32 190 456 
45 53.802 36.993 14 15 1 6 1 2 4 8 16 32 112 319 
46 -13.995 -45.624 7 22 1 6 1 2 4 8 16 32 297 649 
47 -46.924 -49.261 14 17 1 6 1 2 4 8 16 32 109 448 
48 -37.952 1.685 15 18 1 6 1 2 4 8 16 32 142 364 
49 9.192 20.038 4 15 1 6 1 2 4 8 16 32 135 330 
50 -39.362 -58.521 23 15 1 6 1 2 4 8 16 32 115 305 
51 -65.137 -43.079 11 23 1 6 1 2 4 8 16 32 174 449 
52 34.064 -59.357 16 16 1 6 1 2 4 8 16 32 212 565 
53 -61.963 26.239 4 10 1 6 1 2 4 8 16 32 281 528 
54 -19.751 -10.278 20 8 1 6 1 2 4 8 16 32 175 446 
55 23.785 12.177 24 1 1 6 1 2 4 8 16 32 125 379 
56 14.600 11.365 15 21 1 6 1 2 4 8 16 32 91 444 
57 -10.724 -2.075 4 1 1 6 1 2 4 8 16 32 151 461 
58 -66.077 -34.686 8 6 1 6 1 2 4 8 16 32 271 587 
59 -49.335 -17.969 22 20 1 6 1 2 4 8 16 32 184 437 
60 29.706 15.454 16 3 1 6 1 2 4 8 16 32 63 274 
61 -15.067 -23.950 0 0 0 0 0 1000       
62 38.791 22.443 0 0 0 0 0 1000       
63 -41.833 -35.361 0 0 0 0 0 1000       
64 -29.523 -4.843 0 0 0 0 0 1000       
65 49.725 11.990 0 0 0 0 0 1000       
66 21.133 14.142 0 0 0 0 0 1000       
