6 2 60 6            
425 170              
425 170              
425 170              
425 170              
425 170              
425 170              
1 -42.316 -60.602 9 25 1 6 1 2 4 8 16 32 178 360 
2 -55.048 -32.538 7 11 1 6 1 2 4 8 16 32 190 465 
3 -85.559 -20.477 10 8 1 6 1 2 4 8 16 32 71 279 
4 -38.861 42.114 1 14 1 6 1 2 4 8 16 32 106 403 
5 2.301 5.536 23 2 1 6 1 2 4 8 16 32 268 488 
6 35.858 5.597 22 17 1 6 1 2 4 8 16 32 263 457 
7 5.975 27.289 1 7 1 6 1 2 4 8 16 32 75 290 
8 -8.386 -2.264 11 12 1 6 1 2 4 8 16 32 228 517 
9 -1.227 -28.668 7 17 1 6 1 2 4 8 16 32 252 553 
10 12.170 -59.869 1 18 1 6 1 2 4 8 16 32 175 530 
11 91.858 5.542 19 9 1 6 1 2 4 8 16 32 297 542 
12 -61.444 -10.901 14 4 1 6 1 2 4 8 16 32 130 415 
13 -37.366 -28.528 3 24 1 6 1 2 4 8 16 32 272 515 
14 -4.645 53.754 1 25 1 6 1 2 4 8 16 32 126 450 
15 33.203 -52.289 11 5 1 6 1 2 4 8 16 32 276 630 
16 19.135 41.150 1 2 1 6 1 2 4 8 16 32 214 481 
17 -7.953 4.639 24 13 1 6 1 2 4 8 16 32 96 394 
18 -71.936 -20.160 11 15 1 6 1 2 4 8 16 32 101 435 
19 66.852 1.135 13 14 1 6 1 2 4 8 16 32 107 289 
20 -32.135 -45.068 9 5 1 6 1 2 4 8 16 32 118 403 
21 39.215 -29.773 21 24 1 6 1 2 4 8 16 32 194 420 
22 -19.061 -56.921 11 4 1 6 1 2 4 8 16 32 209 417 
23 -43.890 13.007 24 10 1 6 1 2 4 8 16 32 79 362 
24 12.732 -40.967 15 18 1 6 1 2 4 8 16 32 245 496 
25 -80.408 -60.583 3 14 1 6 1 2 4 8 16 32 105 294 
26 -56.537 -42.334 11 4 1 6 1 2 4 8 16 32 239 568 
27 -87.079 -52.899 14 10 1 6 1 2 4 8 16 32 270 608 
28 22.412 -34.375 17 10 1 6 1 2 4 8 16 32 264 482 
29 -16.479 48.657 3 6 1 6 1 2 4 8 16 32 91 283 
30 -20.343 -11.182 11 11 1 6 1 2 4 8 16 32 172 514 
31 -3.760 59.875 4 4 1 6 1 2 4 8 16 32 115 424 
32 31.097 -7.916 5 24 1 6 1 2 4 8 16 32 199 496 
33 -33.710 8.380 11 9 1 6 1 2 4 8 16 32 218 419 
34 -9.283 -6.689 24 23 1 6 1 2 4 8 16 32 219 511 
35 30.054 -36.823 13 5 1 6 1 2 4 8 16 32 204 526 
36 -14.520 48.962 17 24 1 6 1 2 4 8 16 32 266 529 
37 2.954 -8.563 24 17 1 6 1 2 4 8 16 32 142 442 
38 -51.483 -23.248 17 21 1 6 1 2 4 8 16 32 269 505 
39 71.643 -36.981 22 24 1 6 1 2 4 8 16 32 114 421 
40 -34.277 -1.410 18 17 1 6 1 2 4 8 16 32 225 558 
41 8.508 -2.539 20 12 1 6 1 2 4 8 16 32 185 469 
42 77.008 -6.097 16 24 1 6 1 2 4 8 16 32 178 466 
43 -12.878 -2.039 15 25 1 6 1 2 4 8 16 32 155 430 
44 16.821 -12.720 16 8 1 6 1 2 4 8 16 32 139 406 
45 31.512 -8.978 14 14 1 6 1 2 4 8 16 32 255 472 
46 1.361 -3.564 20 20 1 6 1 2 4 8 16 32 149 417 
47 -15.149 -25.482 11 19 1 6 1 2 4 8 16 32 187 383 
48 -7.599 37.030 19 4 1 6 1 2 4 8 16 32 228 549 
49 13.983 -34.521 8 16 1 6 1 2 4 8 16 32 206 405 
50 -30.328 -0.580 14 18 1 6 1 2 4 8 16 32 92 302 
51 25.549 -3.796 3 1 1 6 1 2 4 8 16 32 202 439 
52 -31.268 -34.613 4 18 1 6 1 2 4 8 16 32 113 467 
53 13.452 -32.159 5 24 1 6 1 2 4 8 16 32 188 407 
54 14.984 26.172 16 4 1 6 1 2 4 8 16 32 185 431 
55 40.918 -36.090 6 10 1 6 1 2 4 8 16 32 189 521 
56 19.617 17.865 21 8 1 6 1 2 4 8 16 32 105 303 
57 -41.119 -13.361 10 13 1 6 1 2 4 8 16 32 98 406 
58 11.682 -63.336 15 16 1 6 1 2 4 8 16 32 85 338 
59 -22.345 -78.278 21 15 1 6 1 2 4 8 16 32 87 401 
60 34.290 26.031 11 23 1 6 1 2 4 8 16 32 193 546 
61 -40.198 -12.781 0 0 0 0 0 1000       
62 -40.488 -35.864 0 0 0 0 0 1000       
63 -1.193 2.515 0 0 0 0 0 1000       
64 18.329 -35.468 0 0 0 0 0 1000       
65 23.746 -0.522 0 0 0 0 0 1000       
66 -46.396 -39.923 0 0 0 0 0 1000       
