1 9 50 1 1 480
       0     43     43     17     32     42     21     44     49     29     33     35     66     32     35     55     37     49     39     46     49     52     50     50     49     26     38     51     41      8      6     13     55     23     49     33     33     47     26     57     25     59     19     60     46     45     33     55     57     13     24      0    
      43      0     82     29     15     53     44     82     89     53     24     78     88     35     51     98     77     80     19     88     83     70     17     93     55     65     64     41     57     43     44     44     16     47     92     67     12      9     57     97     25     61     49     17     74     15     62     97     80     48     66     43    
      43     82      0     53     68     81     40     55      6     34     77     37     91     75     41     32      6     18     70     40     13     84     93     32     54     17     68     68     41     50     39     38     97     62     18     16     75     82     59     15     58     62     33    100     71     88     25     19     83     50     36     43    
      17     29     53      0     16     49     17     61     60     27     29     52     78     33     29     71     48     53     22     62     55     62     40     66     39     36     50     36     36     22     15     15     43     33     63     39     21     30     40     68      8     49     21     46     59     35     35     69     69     27     41     17    
      32     15     68     16      0     55     29     76     75     38     28     68     88     37     36     87     63     65      8     78     68     71     31     82     41     52     61     30     42     36     31     30     31     43     79     53     15     14     52     83     10     48     35     32     71     27     47     84     79     41     57     32    
      42     53     81     49     55      0     62     45     85     71     29     53     35     18     76     77     75     90     64     60     90     17     45     71     89     66     19     84     83     33     49     55     53     19     78     74     42     63     23     91     55     98     61     61     26     42     76     86     28     31     46     42    
      21     44     40     17     29     62      0     63     46     10     46     49     87     49     14     63     34     36     30     59     39     73     57     59     28     24     59     33     21     30     14      8     59     44     53     24     38     43     48     55     18     38      7     61     67     52     18     57     78     34     39     21    
      44     82     55     61     76     45     63      0     57     66     62     18     38     53     75     37     51     71     83     19     68     38     82     31     90     48     26     95     80     40     49     54     89     37     43     58     71     89     26     59     69    100     57     96     21     78     66     51     32     35     23     44    
      49     89      6     60     75     85     46     57      0     40     83     38     94     80     47     29     12     21     77     40     15     88     99     31     59     23     72     74     46     55     46     44    103     67     16     22     81     89     63      8     64     67     39    106     74     94     31     14     86     55     40     49    
      29     53     34     27     38     71     10     66     40      0     56     51     94     58      9     61     30     27     38     60     31     81     67     58     24     22     66     34     13     38     22     16     68     52     49     17     48     51     55     48     27     34     10     70     73     62      9     52     85     42     43     29    
      33     24     77     29     28     29     46     62     83     56      0     62     64     11     58     85     71     80     36     72     82     46     19     79     67     60     41     59     65     29     37     41     26     25     81     65     14     34     35     90     32     75     48     34     51     15     63     88     56     31     51     33    
      35     78     37     52     68     53     49     18     38     51     62      0     55     55     60     24     33     53     74     10     49     51     81     18     75     31     36     83     64     34     38     42     87     38     27     41     67     82     30     42     60     85     43     93     36     76     49     35     48     31     11     35    
      66     88     91     78     88     35     87     38     94     94     64     55      0     53    101     75     86    106     97     57    103     18     80     69    115     81     28    115    107     58     72     79     88     45     81     91     77     97     39     97     86    125     84     96     21     78     96     89      9     53     55     66    
      32     35     75     33     37     18     49     53     80     58     11     55     53      0     62     79     68     81     46     64     81     35     29     72     73     58     30     67     69     25     38     43     37     16     77     65     24     44     26     87     39     82     50     45     40     26     65     84     44     25     45     32    
      35     51     41     29     36     76     14     75     47      9     58     60    101     62      0     70     38     31     34     69     36     88     66     67     15     31     73     26      7     44     29     22     67     58     58     25     49     47     62     56     27     25     18     68     81     62     15     60     92     49     51     35    
      55     98     32     71     87     77     63     37     29     61     85     24     75     79     70      0     32     50     92     18     45     74    104      6     84     39     60     95     71     56     55     57    110     63     13     45     88    102     55     27     77     92     55    115     58     99     55     17     69     54     33     55    
      37     77      6     48     63     75     34     51     12     30     71     33     86     68     38     32      0     20     65     37     17     79     87     31     52     11     62     64     39     43     33     32     91     56     20     13     69     77     53     20     52     60     28     94     66     82     23     22     78     44     31     37    
      49     80     18     53     65     90     36     71     21     27     80     53    106     81     31     50     20      0     65     58      6     96     93     50     40     25     80     56     28     57     43     39     96     71     37     16     75     78     70     28     55     46     32     98     85     88     18     35     97     59     50     49    
      39     19     70     22      8     64     30     83     77     38     36     74     97     46     34     92     65     65      0     84     69     79     36     87     36     55     70     23     40     43     36     34     35     52     83     54     23     13     60     85     14     42     37     34     79     33     47     87     88     48     63     39    
      46     88     40     62     78     60     59     19     40     60     72     10     57     64     69     18     37     58     84      0     53     56     91     12     84     39     42     92     72     44     48     52     98     48     25     47     77     93     38     41     70     93     52    104     40     86     56     32     51     41     21     46    
      49     83     13     55     68     90     39     68     15     31     82     49    103     81     36     45     17      6     69     53      0     95     96     45     46     24     79     62     34     57     44     40     98     71     31     16     77     82     68     22     58     52     34    101     82     91     21     29     95     59     47     49    
      52     70     84     62     71     17     73     38     88     81     46     51     18     35     88     74     79     96     79     56     95      0     62     67    101     71     16     99     94     43     59     65     70     29     78     81     59     79     26     93     70    111     71     78     16     59     85     86     11     39     48     52    
      50     17     93     40     31     45     57     82     99     67     19     81     80     29     66    104     87     93     36     91     96     62      0     98     72     75     59     59     73     47     53     55      8     44     99     79     18     26     55    107     39     78     61     16     69      5     75    106     73     50     70     50    
      50     93     32     66     82     71     59     31     31     58     79     18     69     72     67      6     31     50     87     12     45     67     98      0     81     36     53     92     69     50     50     53    104     56     15     43     83     96     48     30     73     90     52    109     51     93     53     21     63     48     27     50    
      49     55     54     39     41     89     28     90     59     24     67     75    115     73     15     84     52     40     36     84     46    101     72     81      0     45     87     17     13     58     43     37     71     71     72     39     55     48     76     67     34     10     33     70     95     68     29     73    106     62     67     49    
      26     65     17     36     52     66     24     48     23     22     60     31     81     58     31     39     11     25     55     39     24     71     75     36     45      0     55     56     33     33     22     21     79     47     28     10     57     66     45     31     41     55     17     83     60     70     17     32     72     35     25     26    
      38     64     68     50     61     19     59     26     72     66     41     36     28     30     73     60     62     80     70     42     79     16     59     53     87     55      0     87     79     29     44     51     67     18     62     65     52     72     11     77     58     97     56     75     10     56     69     70     19     24     32     38    
      51     41     68     36     30     84     33     95     74     34     59     83    115     67     26     95     64     56     23     92     62     99     59     92     17     56     87      0     28     58     46     41     57     70     84     51     46     34     76     82     29     20     40     55     96     56     42     86    106     63     72     51    
      41     57     41     36     42     83     21     80     46     13     65     64    107     69      7     71     39     28     40     72     34     94     73     69     13     33     79     28      0     50     35     28     74     65     59     26     56     53     68     54     34     21     23     74     87     69     16     60     98     55     56     41    
       8     43     50     22     36     33     30     40     55     38     29     34     58     25     44     56     43     57     43     44     57     43     47     50     58     33     29     58     50      0     15     21     53     14     52     41     32     49     18     62     30     67     28     59     38     42     42     59     48      5     23      8    
       6     44     39     15     31     49     14     49     46     22     37     38     72     38     29     55     33     43     36     48     44     59     53     50     43     22     44     46     35     15      0      6     57     30     48     27     35     46     33     54     22     53     12     61     52     48     27     53     63     20     27      6    
      13     44     38     15     30     55      8     54     44     16     41     42     79     43     22     57     32     39     34     52     40     65     55     53     37     21     51     41     28     21      6      0     58     36     48     24     37     45     39     53     20     47      7     62     58     50     22     53     70     26     31     13    
      55     16     97     43     31     53     59     89    103     68     26     87     88     37     67    110     91     96     35     98     98     70      8    104     71     79     67     57     74     53     57     58      0     52    104     82     21     23     62    111     41     77     64      8     77     11     77    111     81     56     76     55    
      23     47     62     33     43     19     44     37     67     52     25     38     45     16     58     63     56     71     52     48     71     29     44     56     71     47     18     70     65     14     30     36     52      0     62     55     35     54     10     74     41     81     43     59     27     40     57     69     36     12     30     23    
      49     92     18     63     79     78     53     43     16     49     81     27     81     77     58     13     20     37     83     25     31     78     99     15     72     28     62     84     59     52     48     48    104     62      0     33     82     94     55     16     69     80     45    109     63     94     43      8     75     51     32     49    
      33     67     16     39     53     74     24     58     22     17     65     41     91     65     25     45     13     16     54     47     16     81     79     43     39     10     65     51     26     41     27     24     82     55     33      0     61     67     54     31     42     47     18     85     70     74     10     35     82     43     35     33    
      33     12     75     21     15     42     38     71     81     48     14     67     77     24     49     88     69     75     23     77     77     59     18     83     55     57     52     46     56     32     35     37     21     35     82     61      0     20     45     89     22     63     43     26     62     13     57     89     68     36     55     33    
      47      9     82     30     14     63     43     89     89     51     34     82     97     44     47    102     77     78     13     93     82     79     26     96     48     66     72     34     53     49     46     45     23     54     94     67     20      0     64     97     25     54     49     21     82     25     60     99     89     54     71     47    
      26     57     59     40     52     23     48     26     63     55     35     30     39     26     62     55     53     70     60     38     68     26     55     48     76     45     11     76     68     18     33     39     62     10     55     54     45     64      0     68     48     86     45     69     19     51     58     63     30     13     23     26    
      57     97     15     68     83     91     55     59      8     48     90     42     97     87     56     27     20     28     85     41     22     93    107     30     67     31     77     82     54     62     54     53    111     74     16     31     89     97     68      0     73     74     48    115     78    102     40      9     90     62     45     57    
      25     25     58      8     10     55     18     69     64     27     32     60     86     39     27     77     52     55     14     70     58     70     39     73     34     41     58     29     34     30     22     20     41     41     69     42     22     25     48     73      0     43     24     43     67     35     36     74     77     35     49     25    
      59     61     62     49     48     98     38    100     67     34     75     85    125     82     25     92     60     46     42     93     52    111     78     90     10     55     97     20     21     67     53     47     77     81     80     47     63     54     86     74     43      0     43     75    105     75     37     81    116     72     76     59    
      19     49     33     21     35     61      7     57     39     10     48     43     84     50     18     55     28     32     37     52     34     71     61     52     33     17     56     40     23     28     12      7     64     43     45     18     43     49     45     48     24     43      0     67     63     56     15     50     75     32     34     19    
      60     17    100     46     32     61     61     96    106     70     34     93     96     45     68    115     94     98     34    104    101     78     16    109     70     83     75     55     74     59     61     62      8     59    109     85     26     21     69    115     43     75     67      0     85     19     79    115     89     63     82     60    
      46     74     71     59     71     26     67     21     74     73     51     36     21     40     81     58     66     85     79     40     82     16     69     51     95     60     10     96     87     38     52     58     77     27     63     70     62     82     19     78     67    105     63     85      0     66     75     71     12     33     35     46    
      45     15     88     35     27     42     52     78     94     62     15     76     78     26     62     99     82     88     33     86     91     59      5     93     68     70     56     56     69     42     48     50     11     40     94     74     13     25     51    102     35     75     56     19     66      0     70    101     70     45     66     45    
      33     62     25     35     47     76     18     66     31      9     63     49     96     65     15     55     23     18     47     56     21     85     75     53     29     17     69     42     16     42     27     22     77     57     43     10     57     60     58     40     36     37     15     79     75     70      0     44     87     45     42     33    
      55     97     19     69     84     86     57     51     14     52     88     35     89     84     60     17     22     35     87     32     29     86    106     21     73     32     70     86     60     59     53     53    111     69      8     35     89     99     63      9     74     81     50    115     71    101     44      0     83     59     40     55    
      57     80     83     69     79     28     78     32     86     85     56     48      9     44     92     69     78     97     88     51     95     11     73     63    106     72     19    106     98     48     63     70     81     36     75     82     68     89     30     90     77    116     75     89     12     70     87     83      0     43     47     57    
      13     48     50     27     41     31     34     35     55     42     31     31     53     25     49     54     44     59     48     41     59     39     50     48     62     35     24     63     55      5     20     26     56     12     51     43     36     54     13     62     35     72     32     63     33     45     45     59     43      0     20     13    
      24     66     36     41     57     46     39     23     40     43     51     11     55     45     51     33     31     50     63     21     47     48     70     27     67     25     32     72     56     23     27     31     76     30     32     35     55     71     23     45     49     76     34     82     35     66     42     40     47     20      0     24    
       0     43     43     17     32     42     21     44     49     29     33     35     66     32     35     55     37     49     39     46     49     52     50     50     49     26     38     51     41      8      6     13     55     23     49     33     33     47     26     57     25     59     19     60     46     45     33     55     57     13     24      0   
 
      43     47     84     46     50      8     61     52     89     71     23     58     43     13     75     83     77     92     59     67     92     25     37     76     86     68     26     81     82     35     49     55     45     21     83     76     37     56     28     95     52     95     61     53     34     35     76     91     36     33     51     43    
      10     51     42     27     42     39     30     34     47     36     37     26     58     33     43     48     36     51     49     37     51     46     56     42     58     27     30     61     49      8     15     21     61     20     44     35     40     56     19     54     35     68     26     67     37     51     38     51     49      8     15     10    
      23     67     27     39     55     54     34     32     31     35     55     16     65     51     44     31     21     40     60     25     37     57     73     26     59     16     41     67     48     26     24     27     78     36     26     26     57     70     32     37     46     69     27     84     44     68     33     33     57     25      9     23    
      34     35     56     21     21     70     18     79     62     22     47     67     99     53     17     81     52     48     17     77     53     84     52     77     20     42     71     16     22     42     30     25     51     54     70     39     35     30     60     71     14     28     25     51     80     48     31     74     90     47     56     34    
      49     47     61     36     34     86     29     92     67     29     62     79    115     69     20     90     58     49     28     88     55     99     64     87     10     51     86      7     21     57     43     38     63     70     78     45     49     40     75     75     30     14     35     61     95     61     35     80    105     62     69     49    
      15     55     45     32     47     36     35     29     49     41     39     23     52     33     49     46     39     55     54     33     54     41     58     40     64     30     25     66     55     11     21     27     64     18     44     39     44     60     14     56     40     74     31     70     31     53     43     51     43      7     12     15    
      39     75     57     55     69     36     59      8     59     64     54     21     34     44     72     43     52     72     76     25     69     31     74     36     87     48     17     90     77     33     44     50     81     29     48     58     63     82     18     63     63     97     54     88     15     69     64     56     27     28     22     39    
      53     10     92     39     24     60     53     92     98     62     32     88     96     43     59    109     87     89     25     98     93     78     18    103     61     75     73     46     65     54     54     54     12     56    102     77     21     12     66    107     34     66     59      9     83     18     71    108     88     58     77     53    
      40     41     56     27     27     77     21     84     62     22     53     71    105     60     15     83     52     47     22     80     51     90     58     80     14     44     77     12     19     48     34     29     57     60     72     40     41     35     66     71     21     21     28     56     86     54     30     75     96     53     61     40   
   22   30   15   30   28   22   22   18   19   
22   17   21   15   18   28   21   20   17   24   
20   30   30   25   21   26   23   23   18   27   
17   29   24   22   18   29   24   22   21   27   
24   24   26   29   17   16   19   17   15   18   
25  
    399   415        255   333        275   359        117   199        316   386        164   238        131   207         98   158         88   158     
   192   266        249   311        143   205        264   350         67   133        353   397        223   289        280   340        129   215        164   230     
   157   217         79   145        105   191        243   315        203   281        120   206         38   99         61   143         62   132        119   185     
   269   329         13   49        266   336        198   262        214   290        192   254        185   267        101   171         61   127         76   148     
   243   321        279   361         36   118        358   391        230   318        200   268         49   115         85   149        103   175        150   222     
   360   430        
