1 5 30 1 1 480
       0     19     41     23     53     21     51     44     43     57     43     35     17     25     66     44     50     36     15     53     22     30     49     45     49     20     27     44     32     27     44      0    
      19      0     52     37     72     11     69     58     37     56     33     50     35     13     47     25     31     54     21     72     39     20     61     49     34     30     45     30     13     11     56     19    
      41     52      0     18     45     60     61     72     40     98     46     61     43     45     89     74     80     49     31     54     48     69     81     84     86     22     51     82     57     52     77     41    
      23     37     18      0     40     44     49     55     40     79     44     44     25     35     80     62     68     35     18     45     30     53     63     66     71     10     34     67     46     41     60     23    
      53     72     45     40      0     73     24     50     80     92     84     42     39     74    119     97    104     25     57     11     38     80     60     76    100     51     36     96     84     79     59     53    
      21     11     60     44     73      0     67     51     48     45     44     45     34     24     51     26     32     53     29     72     37      9     52     38     27     38     42     23     22     21     47     21    
      51     69     61     49     24     67      0     29     88     73     90     24     34     75    117     93     99     15     61     13     29     71     38     58     91     57     24     86     83     78     39     51    
      44     58     72     55     50     51     29      0     87     45     87     10     31     68    102     77     83     26     58     41     25     51      9     30     70     60     21     65     71     68     10     44    
      43     37     40     40     80     48     88     87      0     93      8     78     58     24     53     47     50     73     29     86     64     57     93     85     65     31     69     63     31     29     88     43    
      57     56     98     79     92     45     73     45     93      0     89     50     57     69     82     60     63     67     71     85     55     37     38     16     43     78     56     40     65     65     35     57    
      43     33     46     44     84     44     90     87      8     89      0     78     58     20     45     39     43     75     29     89     64     52     91     82     58     34     69     56     25     23     86     43    
      35     50     61     44     42     45     24     10     78     50     78      0     20     59     96     72     78     17     49     35     14     48     19     34     68     49     10     63     64     61     17     35    
      17     35     43     25     39     34     34     31     58     57     58     20      0     41     83     60     66     19     29     37      6     40     38     42     61     29     11     56     49     44     35     17    
      25     13     45     35     74     24     75     68     24     69     20     59     41      0     45     29     34     60     17     76     47     33     72     61     43     25     52     40     12      7     67     25    
      66     47     89     80    119     51    117    102     53     82     45     96     83     45      0     24     19    102     62    120     87     51    102     83     39     70     92     42     34     39     97     66    
      44     25     74     62     97     26     93     77     47     60     39     72     60     29     24      0      6     79     44     97     63     26     77     59     20     53     68     20     17     22     72     44    
      50     31     80     68    104     32     99     83     50     63     43     78     66     34     19      6      0     85     50    104     70     31     83     63     21     59     75     23     22     27     78     50    
      36     54     49     35     25     53     15     26     73     67     75     17     19     60    102     79     85      0     45     19     15     58     36     51     78     43     11     73     68     63     35     36    
      15     21     31     18     57     29     61     58     29     71     29     49     29     17     62     44     50     45      0     60     35     39     64     60     55      9     40     51     28     23     60     15    
      53     72     54     45     11     72     13     41     86     85     89     35     37     76    120     97    104     19     60      0     35     77     50     69     98     55     31     93     85     80     51     53    
      22     39     48     30     38     37     29     25     64     55     64     14      6     47     87     63     70     15     35     35      0     42     33     39     63     35      5     58     53     49     29     22    
      30     20     69     53     80      9     71     51     57     37     52     48     40     33     51     26     31     58     39     77     42      0     51     33     20     47     46     15     28     28     46     30    
      49     61     81     63     60     52     38      9     93     38     91     19     38     72    102     77     83     36     64     50     33     51      0     24     68     67     30     63     74     72      5     49    
      45     49     84     66     76     38     58     30     85     16     82     34     42     61     83     59     63     51     60     69     39     33     24      0     46     65     40     42     60     59     20     45    
      49     34     86     71    100     27     91     70     65     43     58     68     61     43     39     20     21     78     55     98     63     20     68     46      0     64     67      5     33     36     63     49    
      20     30     22     10     51     38     57     60     31     78     34     49     29     25     70     53     59     43      9     55     35     47     67     65     64      0     39     60     37     31     63     20    
      27     45     51     34     36     42     24     21     69     56     69     10     11     52     92     68     75     11     40     31      5     46     30     40     67     39      0     62     59     55     27     27    
      44     30     82     67     96     23     86     65     63     40     56     63     56     40     42     20     23     73     51     93     58     15     63     42      5     60     62      0     31     34     58     44    
      32     13     57     46     84     22     83     71     31     65     25     64     49     12     34     17     22     68     28     85     53     28     74     60     33     37     59     31      0      5     69     32    
      27     11     52     41     79     21     78     68     29     65     23     61     44      7     39     22     27     63     23     80     49     28     72     59     36     31     55     34      5      0     67     27    
      44     56     77     60     59     47     39     10     88     35     86     17     35     67     97     72     78     35     60     51     29     46      5     20     63     63     27     58     69     67      0     44    
       0     19     41     23     53     21     51     44     43     57     43     35     17     25     66     44     50     36     15     53     22     30     49     45     49     20     27     44     32     27     44      0   
  
      43     59     21     22     24     64     42     60     59     94     64     50     36     57    103     84     91     33     40     33     39     73     69     79     92     32     39     87     69     63     67     43    
      62     66    100     82     86     55     65     36    103     17     99     44     58     79     98     75     79     61     78     77     53     49     27     17     59     82     53     56     77     77     26     62    
      26     20     37     29     69     31     74     70     18     76     17     61     41      9     52     38     43     58     13     73     47     41     75     67     52     19     52     49     21     16     70     26    
      27     41     60     42     50     34     35     17     71     42     70     11     17     51     85     61     67     25     42     44     13     36     22     26     56     45     14     51     54     51     17     27    
      34     19     71     56     87     13     80     62     52     46     45     58     48     29     39     15     20     67     40     86     51     11     62     44     15     49     55     11     20     23     57     34   
  27   25   27   27   20   16   20   18   21   
24   15   23   27   28   27   23   25   26   30   
19   20   21   30   30   22   20   23   17   28   
17  
 141   221        333   414        171   259        251   317         27   107         51   69        172   248        284   366        240   318     
   212   272        347   415        310   392         25   64        149   225        318   402         89   155        117   203        342   426         53   82     
    62   150         30   80        185   257        196   268        272   350        110   180         34   106        237   309        196   284        189   277     
   278   360      


