1 9 50 1 1 480
       0     51     48     41     31     55     49     38     55     35     58     36     44     20     39     48     59     42     13     54     16     41     31     45     43     26     47     45     48     33     30     48     47     41     53     34     56     48     32     49     51     16     58     27     40     59     32     42     51     50     42      0    
      51      0     90     49     83      9     13     70     68     73      6     19     83     37     34     57     87     77     44    104     68     71     57     94     12     38     27     59     30     84     29     79     19     26     77     65    106     44     31     66     26     48    110     52     89     83     84     91     77     84     68     51    
      48     90      0     89     32     97     82     23     45     71     96     71      8     68     87     49     96     17     48     23     39     81     76     57     79     74     72     90     96     26     61     84     77     69     32     26     28     60     79     93     97     42     50     73     54     33     38     17     91     84     84     48    
      41     49     89      0     65     46     57     79     92     33     54     50     86     25     15     82     38     84     48     91     51     25     16     61     51     18     66     10     22     69     53     32     60     60     93     75     91     76     20     17     27     54     83     16     58     99     62     80     28     38     21     41    
      31     83     32     65      0     87     80     41     66     40     89     67     35     50     68     64     65     39     40     26     15     51     50     25     74     54     74     64     78      6     59     53     76     69     57     40     25     70     62     65     81     39     28     49     22     60      5     17     60     52     55     31    
      55      9     97     46     87      0     22     78     77     73      9     28     91     38     31     66     84     85     50    109     72     69     56     96     21     38     37     56     24     89     37     77     29     35     86     73    111     53     30     63     19     55    113     51     91     92     87     96     74     82     65     55    
      49     13     82     57     80     22      0     61     56     77     16     13     75     40     42     45     93     68     39     98     65     76     62     94      7     43     15     67     41     79     21     84      7     14     66     56    101     32     37     74     38     42    107     57     89     72     81     85     83     89     73     49    
      38     70     23     79     41     78     61      0     25     70     75     50     14     55     73     26     96      7     32     44     39     79     70     66     58     62     49     83     81     36     40     84     55     47     16      5     49     37     65     87     82     26     67     66     62     21     46     34     89     85     80     38    
      55     68     45     92     66     77     56     25      0     90     72     49     37     66     82     11    115     29     44     68     61     97     86     90     56     73     41     98     87     61     42    103     49     42     15     25     73     24     74    103     86     39     92     81     86     18     70     59    106    105     97     55    
      35     73     71     33     40     73     77     70     90      0     79     66     71     37     44     84     25     72     48     65     32     12     18     28     70     35     79     28     54     46     62     13     77     73     87     67     64     83     43     26     59     51     50     21     25     91     35     57     20     15     16     35    
      58      6     96     54     89      9     16     75     72     79      0     25     89     43     39     61     92     83     50    110     74     76     62    100     17     44     31     64     33     90     35     84     23     30     82     71    112     48     36     71     29     54    116     58     95     87     90     97     82     89     73     58    
      36     19     71     50     67     28     13     50     49     66     25      0     63     29     37     38     84     57     26     85     52     66     52     81      8     34     15     59     39     66      9     74     11      9     58     45     88     28     30     66     37     29     94     47     76     64     68     72     74     78     64     36    
      44     83      8     86     35     91     75     14     37     71     89     63      0     64     83     40     97      8     42     31     39     81     74     61     72     70     64     88     91     29     54     85     69     61     24     18     36     51     75     92     92     36     57     71     57     25     41     23     91     85     83     44    
      20     37     68     25     50     38     40     55     66     37     43     29     64      0     19     57     54     60     23     74     34     36     23     57     33      6     44     31     28     53     29     44     40     38     69     50     76     52     11     38     30     29     74     17     52     75     49     62     44     49     35     20    
      39     34     87     15     68     31     42     73     82     44     39     37     83     19      0     72     53     79     41     92     52     38     25     70     36     13     52     25     10     71     41     46     46     47     86     69     93     64      8     32     15     47     89     22     65     92     66     81     43     51     34     39    
      48     57     49     82     64     66     45     26     11     84     61     38     40     57     72      0    107     32     36     70     56     89     77     87     45     64     30     89     76     60     31     96     38     31     22     24     74     13     64     94     75     32     91     72     82     27     68     59     99     98     89     48    
      59     87     96     38     65     84     93     96    115     25     92     84     97     54     53    107      0     98     71     89     58     18     31     47     86     50     98     28     60     71     83     12     94     92    112     92     86    105     56     21     65     75     69     37     46    117     59     82     10     12     19     59    
      42     77     17     84     39     85     68      7     29     72     83     57      8     60     79     32     98      0     38     39     40     81     73     65     65     67     56     87     87     34     47     86     62     54     17     11     43     43     71     91     88     32     63     70     61     20     45     30     91     87     83     42    
      13     44     48     48     40     50     39     32     44     48     50     26     42     23     41     36     71     38      0     59     27     53     41     57     33     30     34     53     49     40     18     60     35     29     45     27     62     35     33     58     50      6     68     36     52     51     42     47     62     63     53     13    
      54    104     23     91     26    109     98     44     68     65    110     85     31     74     92     70     89     39     59      0     40     77     76     43     93     79     89     90    102     21     76     78     93     85     55     46      5     80     86     91    105     55     30     74     42     56     30     12     85     76     81     54    
      16     68     39     51     15     72     65     39     61     32     74     52     39     34     52     56     58     40     27     40      0     42     37     31     59     39     62     51     62     18     45     46     62     56     55     36     41     60     46     53     65     27     42     35     26     60     15     29     51     46     44     16    
      41     71     81     25     51     69     76     79     97     12     76     66     81     36     38     89     18     81     53     77     42      0     14     40     69     33     81     17     47     57     65      8     77     75     95     75     76     87     40     14     52     57     62     19     37    100     47     68     10     13      5     41    
      31     57     76     16     50     56     62     70     86     18     62     52     74     23     25     77     31     73     41     76     37     14      0     45     55     19     67     14     36     55     51     22     63     61     85     66     75     74     26     17     40     46     67      5     42     91     46     66     21     27     12     31    
      45     94     57     61     25     96     94     66     90     28    100     81     61     57     70     87     47     65     57     43     31     40     45      0     87     58     92     56     80     31     75     38     92     86     82     64     40     91     67     55     84     58     22     47      5     85     20     40     46     35     44     45    
      43     12     79     51     74     21      7     58     56     70     17      8     72     33     36     45     86     65     33     93     59     69     55     87      0     36     17     60     36     74     17     77      9     14     65     53     96     33     30     67     33     37    101     50     82     71     75     80     76     82     66     43    
      26     38     74     18     54     38     43     62     73     35     44     34     70      6     13     64     50     67     30     79     39     33     19     58     36      0     49     25     23     57     35     41     44     43     75     57     80     58      8     32     27     36     77     14     53     81     53     67     40     46     30     26    
      47     27     72     66     74     37     15     49     41     79     31     15     64     44     52     30     98     56     34     89     62     81     67     92     17     49      0     74     53     73     17     88      8      6     52     45     93     17     45     81     51     35    103     61     87     57     77     77     89     92     79     47    
      45     59     90     10     64     56     67     83     98     28     64     59     88     31     25     89     28     87     53     90     51     17     14     56     60     25     74      0     32     69     60     23     69     68     98     79     89     84     29      7     37     59     78     17     53    104     60     80     18     29     12     45    
      48     30     96     22     78     24     41     81     87     54     33     39     91     28     10     76     60     87     49    102     62     47     36     80     36     23     53     32      0     81     45     55     45     48     92     76    103     67     16     39      5     55    100     33     76     98     76     90     51     61     43     48    
      33     84     26     69      6     89     79     36     61     46     90     66     29     53     71     60     71     34     40     21     18     57     55     31     74     57     73     69     81      0     58     59     75     68     51     36     22     67     64     70     84     37     31     53     28     54     12     11     66     59     60     33    
      30     29     61     53     59     37     21     40     42     62     35      9     54     29     41     31     83     47     18     76     45     65     51     75     17     35     17     60     45     58      0     72     17     11     49     36     79     23     33     67     44     20     87     46     70     55     60     63     73     76     63     30    
      48     79     84     32     53     77     84     84    103     13     84     74     85     44     46     96     12     86     60     78     46      8     22     38     77     41     88     23     55     59     72      0     85     82    100     80     76     94     48     19     60     64     60     27     37    105     48     70      8      5     11     48    
      47     19     77     60     76     29      7     55     49     77     23     11     69     40     46     38     94     62     35     93     62     77     63     92      9     44      8     69     45     75     17     85      0      8     59     50     96     25     39     76     43     38    104     58     87     65     78     80     84     89     75     47    
      41     26     69     60     69     35     14     47     42     73     30      9     61     38     47     31     92     54     29     85     56     75     61     86     14     43      6     68     48     68     11     82      8      0     51     42     89     18     40     75     47     30     98     55     81     57     71     73     83     86     73     41    
      53     77     32     93     57     86     66     16     15     87     82     58     24     69     86     22    112     17     45     55     55     95     85     82     65     75     52     98     92     51     49    100     59     51      0     19     60     36     78    103     92     39     80     81     78      6     62     47    104    101     96     53    
      34     65     26     75     40     73     56      5     25     67     71     45     18     50     69     24     92     11     27     46     36     75     66     64     53     57     45     79     76     36     36     80     50     42     19      0     50     34     60     83     77     21     67     61     60     25     45     35     85     82     76     34    
      56    106     28     91     25    111    101     49     73     64    112     88     36     76     93     74     86     43     62      5     41     76     75     40     96     80     93     89    103     22     79     76     96     89     60     50      0     84     87     90    106     58     25     74     40     61     29     15     84     74     80     56    
      48     44     60     76     70     53     32     37     24     83     48     28     51     52     64     13    105     43     35     80     60     87     74     91     33     58     17     84     67     67     23     94     25     18     36     34     84      0     56     90     65     33     98     69     86     41     73     68     96     97     86     48    
      32     31     79     20     62     30     37     65     74     43     36     30     75     11      8     64     56     71     33     86     46     40     26     67     30      8     45     29     16     64     33     48     39     40     78     60     87     56      0     36     19     39     85     21     62     84     61     74     46     53     37     32    
      49     66     93     17     65     63     74     87    103     26     71     66     92     38     32     94     21     91     58     91     53     14     17     55     67     32     81      7     39     70     67     19     76     75    103     83     90     90     36      0     44     64     77     22     52    108     61     81     12     24     10     49    
      51     26     97     27     81     19     38     82     86     59     29     37     92     30     15     75     65     88     50    105     65     52     40     84     33     27     51     37      5     84     44     60     43     47     92     77    106     65     19     44      0     56    104     37     80     98     80     93     56     66     48     51    
      16     48     42     54     39     55     42     26     39     51     54     29     36     29     47     32     75     32      6     55     27     57     46     58     37     36     35     59     55     37     20     64     38     30     39     21     58     33     39     64     56      0     67     42     53     45     41     43     67     66     58     16    
      58    110     50     83     28    113    107     67     92     50    116     94     57     74     89     91     69     63     68     30     42     62     67     22    101     77    103     78    100     31     87     60    104     98     80     67     25     98     85     77    104     67      0     67     25     82     26     33     69     57     67     58    
      27     52     73     16     49     51     57     66     81     21     58     47     71     17     22     72     37     70     36     74     35     19      5     47     50     14     61     17     33     53     46     27     58     55     81     61     74     69     21     22     37     42     67      0     43     86     46     64     27     32     17     27    
      40     89     54     58     22     91     89     62     86     25     95     76     57     52     65     82     46     61     52     42     26     37     42      5     82     53     87     53     76     28     70     37     87     81     78     60     40     86     62     52     80     53     25     43      0     81     16     37     45     34     42     40    
      59     83     33     99     60     92     72     21     18     91     87     64     25     75     92     27    117     20     51     56     60    100     91     85     71     81     57    104     98     54     55    105     65     57      6     25     61     41     84    108     98     45     82     86     81      0     65     49    110    106    101     59    
      32     84     38     62      5     87     81     46     70     35     90     68     41     49     66     68     59     45     42     30     15     47     46     20     75     53     77     60     76     12     60     48     78     71     62     45     29     73     61     61     80     41     26     46     16     65      0     22     56     47     51     32    
      42     91     17     80     17     96     85     34     59     57     97     72     23     62     81     59     82     30     47     12     29     68     66     40     80     67     77     80     90     11     63     70     80     73     47     35     15     68     74     81     93     43     33     64     37     49     22      0     77     69     72     42    
      51     77     91     28     60     74     83     89    106     20     82     74     91     44     43     99     10     91     62     85     51     10     21     46     76     40     89     18     51     66     73      8     84     83    104     85     84     96     46     12     56     67     69     27     45    110     56     77      0     13      9     51    
      50     84     84     38     52     82     89     85    105     15     89     78     85     49     51     98     12     87     63     76     46     13     27     35     82     46     92     29     61     59     76      5     89     86    101     82     74     97     53     24     66     66     57     32     34    106     47     69     13      0     17     50    
      42     68     84     21     55     65     73     80     97     16     73     64     83     35     34     89     19     83     53     81     44      5     12     44     66     30     79     12     43     60     63     11     75     73     96     76     80     86     37     10     48     58     67     17     42    101     51     72      9     17      0     42    
       0     51     48     41     31     55     49     38     55     35     58     36     44     20     39     48     59     42     13     54     16     41     31     45     43     26     47     45     48     33     30     48     47     41     53     34     56     48     32     49     51     16     58     27     40     59     32     42     51     50     42      0   
 
      49     37     97     17     77     31     48     83     91     50     40     44     93     29     10     81     54     89     51    102     61     42     31     77     42     23     59     26      7     80     50     49     52     54     96     78    103     72     18     32     12     57     97     30     73    102     75     90     44     55     38     49    
      36     17     79     35     67     19     21     61     64     57     23     16     73     20     21     54     71     67     31     89     52     55     41     77     15     22     31     45     22     69     22     63     24     26     71     56     91     44     15     52     21     36     93     36     72     77     67     77     61     68     52     36    
       8     55     40     50     28     61     51     30     49     41     62     38     36     28     47     43     66     34     12     48     15     48     39     46     46     34     47     53     56     28     30     54     48     41     46     26     50     45     39     57     58     12     56     35     41     51     30     35     58     56     50      8    
       9     57     39     50     26     62     53     30     49     41     63     40     35     29     48     43     66     33     13     47     14     48     40     45     47     35     48     53     57     26     32     54     49     43     46     26     49     46     40     57     59     13     55     36     40     51     28     34     58     56     50      9    
      10     41     54     39     42     45     39     41     53     42     47     26     50     14     33     44     64     46      8     64     27     45     33     55     32     21     38     44     41     43     21     52     36     32     54     36     66     41     25     50     42     14     69     28     50     60     43     51     54     56     45     10    
      19     67     52     41     24     69     67     50     71     19     73     54     51     30     45     65     45     52     32     50     12     29     26     27     60     32     66     40     56     29     49     33     65     60     67     47     50     67     41     41     59     34     44     25     22     72     21     40     39     34     32     19    
      33     81     16     74     18     86     74     25     50     55     87     62     17     54     73     49     80     22     36     23     23     65     60     43     70     59     66     74     82     12     53     68     70     62     39     25     26     58     65     77     84     32     42     58     40     42     23     10     75     68     68     33    
      28     72     61     38     30     73     74     61     82      9     78     62     61     35     46     76     35     63     41     56     22     21     22     23     67     35     75     35     57     36     58     23     73     69     77     58     55     77     44     35     61     44     44     24     19     82     26     47     30     24     25     28    
      63     75     48    100     71     84     63     30      8     98     79     57     40     74     90     18    122     33     52     71     68    104     94     96     63     81     48    106     95     66     49    110     56     49     16     31     76     31     82    111     94     47     96     89     92     17     76     63    114    113    105     63   
  19   15   18   18   20   16   18   26   27   
16   18   30   22   25   18   27   22   27   21   
17   18   24   20   21   17   23   26   15   19   
18   23   28   25   24   30   29   25   27   22   
23   27   18   28   17   15   25   15   25   20   
29   
        51   128        107   179        127   197        255   341        378   405        126   194        226   308        183   249        136   210     
   219   279        338   410        216   282        127   195         39   75        291   377         84   148        105   175        259   325        372   405     
   143   225        415   421        348   422        270   340        353   416        115   187        241   329        278   356        266   332        234   316     
    30   76        358   409         47   110        120   190        359   403        286   360        309   379        195   275        218   302         49   104     
   223   289        303   383        131   201        209   289        142   202        332   402        255   323        163   237        149   233         87   159     
    60   124    
