1 7 40 1 1 480
       0     18     46     48     45     31     31     45     50     63     30     10     52     51     52     53     26     29     15     42     26     58     32     55     50     59     42     13     27     19     48     43     35     36     39     34     44     44     55     29     18      0    
      18      0     62     47     60     49     14     63     63     81     37     29     34     68     52     71     20     31      8     35      9     76     25     63     65     42     60     21     24     38     42     45     52     25     57     15     56     49     72     19     32     18    
      46     62      0     86     14     24     71     17     22     48     63     36     92     47     87     29     57     69     55     64     71     33     77     38     14     97     38     53     71     30     90     78     41     67     20     77     24     76     41     75     31     46    
      48     47     86      0     90     62     59     76     96     75     22     53     70     60      6     77     67     18     54     83     44     80     24    103     95     77     59     35     22     55     14      9     51     72     70     53     91     13     70     30     66     48    
      45     60     14     90      0     33     65     31      8     62     69     38     85     59     93     43     50     72     52     54     69     47     78     24      5     90     50     56     73     35     93     83     51     59     32     73     10     83     54     75     28     45    
      31     49     24     62     33      0     61     15     41     35     40     20     83     28     64     22     52     47     45     64     57     26     58     54     36     90     18     34     51     11     69     54     17     63      8     65     39     52     26     57     28     31    
      31     14     71     59     65     61      0     75     67     95     51     41     21     82     64     83     16     45     16     26     14     88     35     63     70     28     73     36     37     50     51     59     66     14     69      9     60     63     86     29     39     31    
      45     63     17     76     31     15     75      0     39     31     54     34     96     30     77     12     64     62     58     74     72     16     73     55     31    103     22     49     66     26     84     68     27     74      7     79     40     65     23     72     38     45    
      50     63     22     96      8     41     67     39      0     70     75     43     86     67     99     51     51     78     54     52     72     55     83     16      8     90     58     61     78     42     98     90     59     59     40     75      7     89     62     79     31     50    
      63     81     48     75     62     35     95     31     70      0     57     54    116     14     73     19     87     66     79    100     87     16     81     86     62    123     21     61     73     45     86     66     29     98     31     96     71     61      8     82     64     63    
      30     37     63     22     69     40     51     54     75     57      0     32     68     42     23     56     54     10     41     70     39     59     25     83     73     76     38     17     18     34     30     14     30     62     48     49     71     14     50     28     47     30    
      10     29     36     53     38     20     41     34     43     54     32      0     62     43     55     42     33     34     24     47     37     47     41     51     42     69     34     18     35      9     55     46     28     43     28     44     38     46     45     39     15     10    
      52     34     92     70     85     83     21     96     86    116     68     62      0    102     76    105     35     60     38     37     29    110     46     80     90      7     94     56     51     71     59     72     87     27     91     19     79     77    107     41     60     52    
      51     68     47     60     59     28     82     30     67     14     42     43    102      0     59     22     76     51     66     90     74     22     66     82     61    110     10     47     59     35     71     51     15     87     27     83     67     47     10     68     55     51    
      52     52     87      6     93     64     64     77     99     73     23     55     76     59      0     76     72     22     59     88     50     79     30    106     97     83     58     39     28     57     19      9     50     77     70     59     94     12     69     36     70     52    
      53     71     29     77     43     22     83     12     51     19     56     42    105     22     76      0     74     64     67     85     79      5     77     67     43    112     18     54     69     33     86     68     26     85     15     87     52     64     13     77     48     53    
      26     20     57     67     50     52     16     64     51     87     54     33     35     76     72     74      0     50     13     16     26     79     45     47     55     40     67     37     44     42     62     64     61     10     59     25     44     67     79     39     26     26    
      29     31     69     18     72     47     45     62     78     66     10     34     60     51     22     64     50      0     37     66     31     68     15     84     77     67     47     17      8     38     22     14     39     56     55     41     73     18     60     19     48     29    
      15      8     55     54     52     45     16     58     54     79     41     24     38     66     59     67     13     37      0     29     17     72     33     54     57     44     58     24     31     33     50     51     51     21     53     21     47     54     70     27     24     15    
      42     35     64     83     54     64     26     74     52    100     70     47     37     90     88     85     16     66     29      0     40     90     60     43     58     40     80     53     60     55     77     81     75     12     70     36     45     83     91     54     36     42    
      26      9     71     44     69     57     14     72     72     87     39     37     29     74     50     79     26     31     17     40      0     83     20     71     74     37     66     26     23     46     37     45     58     28     65      9     65     49     79     14     41     26    
      58     76     33     80     47     26     88     16     55     16     59     47    110     22     79      5     79     68     72     90     83      0     81     71     47    117     21     58     73     38     89     71     29     90     20     92     56     67     12     81     53     58    
      32     25     77     24     78     58     35     73     83     81     25     41     46     66     30     77     45     15     33     60     20     81      0     86     83     54     61     24      7     48     17     25     52     48     66     29     77     31     74      6     51     32    
      55     63     38    103     24     54     63     55     16     86     83     51     80     82    106     67     47     84     54     43     71     71     86      0     25     83     72     67     82     52    103     97     71     53     55     72     15     98     78     81     36     55    
      50     65     14     95      5     36     70     31      8     62     73     42     90     61     97     43     55     77     57     58     74     47     83     25      0     95     52     60     77     39     98     87     53     64     34     78     13     87     55     80     33     50    
      59     42     97     77     90     90     28    103     90    123     76     69      7    110     83    112     40     67     44     40     37    117     54     83     95      0    101     63     58     78     66     80     94     31     97     27     83     84    114     48     66     59    
      42     60     38     59     50     18     73     22     58     21     38     34     94     10     58     18     67     47     58     80     66     21     61     72     52    101      0     40     53     25     68     50      8     77     18     75     57     46     13     62     45     42    
      13     21     53     35     56     34     36     49     61     61     17     18     56     47     39     54     37     17     24     53     26     58     24     67     60     63     40      0     17     24     37     30     32     45     42     36     56     31     53     22     31     13    
      27     24     71     22     73     51     37     66     78     73     18     35     51     59     28     69     44      8     31     60     23     73      7     82     77     58     53     17      0     41     20     22     45     49     59     32     72     26     66     10     46     27    
      19     38     30     55     35     11     50     26     42     45     34      9     71     35     57     33     42     38     33     55     46     38     48     52     39     78     25     24     41      0     60     48     21     52     19     53     38     47     36     46     20     19    
      48     42     90     14     93     69     51     84     98     86     30     55     59     71     19     86     62     22     50     77     37     89     17    103     98     66     68     37     20     60      0     21     60     65     77     43     93     27     80     23     67     48    
      43     45     78      9     83     54     59     68     90     66     14     46     72     51      9     68     64     14     51     81     45     71     25     97     87     80     50     30     22     48     21      0     42     71     61     54     85      5     61     31     60     43    
      35     52     41     51     51     17     66     27     59     29     30     28     87     15     50     26     61     39     51     75     58     29     52     71     53     94      8     32     45     21     60     42      0     71     21     67     57     39     21     53     41     35    
      36     25     67     72     59     63     14     74     59     98     62     43     27     87     77     85     10     56     21     12     28     90     48     53     64     31     77     45     49     52     65     71     71      0     70     23     52     74     89     42     36     36    
      39     57     20     70     32      8     69      7     40     31     48     28     91     27     70     15     59     55     53     70     65     20     66     55     34     97     18     42     59     19     77     61     21     70      0     73     40     59     23     65     33     39    
      34     15     77     53     73     65      9     79     75     96     49     44     19     83     59     87     25     41     21     36      9     92     29     72     78     27     75     36     32     53     43     54     67     23     73      0     68     58     88     23     45     34    
      44     56     24     91     10     39     60     40      7     71     71     38     79     67     94     52     44     73     47     45     65     56     77     15     13     83     57     56     72     38     93     85     57     52     40     68      0     85     63     73     25     44    
      44     49     76     13     83     52     63     65     89     61     14     46     77     47     12     64     67     18     54     83     49     67     31     98     87     84     46     31     26     47     27      5     39     74     59     58     85      0     57     36     61     44    
      55     72     41     70     54     26     86     23     62      8     50     45    107     10     69     13     79     60     70     91     79     12     74     78     55    114     13     53     66     36     80     61     21     89     23     88     63     57      0     75     55     55    
      29     19     75     30     75     57     29     72     79     82     28     39     41     68     36     77     39     19     27     54     14     81      6     81     80     48     62     22     10     46     23     31     53     42     65     23     73     36     75      0     47     29    
      18     32     31     66     28     28     39     38     31     64     47     15     60     55     70     48     26     48     24     36     41     53     51     36     33     66     45     31     46     20     67     60     41     36     33     45     25     61     55     47      0     18    
       0     18     46     48     45     31     31     45     50     63     30     10     52     51     52     53     26     29     15     42     26     58     32     55     50     59     42     13     27     19     48     43     35     36     39     34     44     44     55     29     18      0   
 
       9     17     46     55     43     36     26     49     46     70     39     15     47     59     59     58     18     37      9     33     26     62     37     48     48     54     49     21     33     24     54     51     43     28     43     31     40     53     61     33     15      9    
      27     43     40     47     48     16     58     29     55     37     25     20     78     24     48     31     53     33     42     67     50     35     45     67     51     85     16     23     38     14     55     38      8     63     22     59     52     36     29     46     34     27    
      36     46     62     27     70     38     60     51     77     48     10     35     78     33     26     50     62     19     49     78     48     53     35     86     73     85     32     25     28     34     37     18     24     70     44     58     73     14     43     38     50     36    
      13     27     35     60     33     28     35     39     37     63     41     11     57     53     64     49     24     42     19     37     36     54     45     42     38     63     43     25     40     18     61     55     38     35     34     41     31     56     54     41      5     13    
      50     45     66     92     54     69     36     77     51    105     79     54     45     96     97     89     25     75     38     10     50     94     70     39     58     46     86     61     69     61     87     90     82     22     74     45     44     93     96     64     41     50    
      56     56     92      9     98     68     68     82    104     77     28     60     79     63      5     81     76     27     63     92     54     83     33    111    102     86     62     43     32     62     20     14     55     81     75     62     99     16     73     39     74     56    
      16     33     30     60     30     19     43     31     36     55     39      7     65     45     63     41     33     42     27     45     41     46     48     44     35     71     35     25     42     10     62     53     31     44     26     48     31     53     46     45     10     16   
   16   15   24   26   28   20   17   17   15   
28   15   30   19   18   22   23   21   22   30   
20   24   26   20   19   19   22   24   21   15   
21   29   15   26   22   29   26   22   28   18   
19 
    74   136        188   258         48   114        289   349        269   347         52   118         77   149         50   91        354   402     
   356   418         97   157        224   284        277   345        208   270         77   147        355   417        107   185         72   144        215   299     
   297   359        121   185         94   180        248   308        204   268        190   256        335   411        183   245        209   285        211   289     
   307   385        309   397        343   429        215   297        226   308        333   411         44   90        339   405        343   397         29   94     
   290   350  
