1 5 30 1 1 480
       0     46     58     25     41     32     48     23     30     50     37     45     42     31     31     53     29     46     54     21     51     37     30     55     39     16     19     39     47     40     27      0    
      46      0     79     34     22     54     67     64     55     58     66     85     17     37     77     63     44     90     16     66     22     10     39    101     83     62     41     64     69     87     59     46    
      58     79      0     80     58     91    107     40     28     23     22     93     63     87     69     19     87     86     73     69     97     77     41     90     80     63     44     19     11     75     31     58    
      25     34     80      0     43     20     34     48     51     66     60     51     41      7     49     70     10     58     48     37     29     24     43     69     51     35     36     61     68     57     51     25    
      41     22     58     43      0     62     77     50     37     35     48     86      5     48     72     40     53     88     16     63     44     25     20     97     80     58     27     44     48     81     43     41    
      32     54     91     20     62      0     16     53     63     81     69     34     61     17     42     84     10     44     68     31     44     43     59     56     40     33     49     72     79     48     60     32    
      48     67    107     34     77     16      0     69     79     97     85     36     75     30     52    101     24     49     82     43     52     57     75     60     47     47     66     88     96     56     76     48    
      23     64     40     48     50     53     69      0     19     41     18     53     54     55     30     42     52     48     66     29     73     57     32     54     41     23     23     23     30     38     12     23    
      30     55     28     51     37     63     79     19      0     22     11     70     41     58     49     23     58     67     53     45     70     51     17     73     60     39     15      9     17     57      7     30    
      50     58     23     66     35     81     97     41     22      0     26     92     40     73     71      5     74     89     50     67     77     58     23     95     82     61     31     19     17     79     29     50    
      37     66     22     60     48     69     85     18     11     26      0     71     52     67     48     25     66     66     64     47     80     62     28     71     59     41     26      6     12     55      9     37    
      45     85     93     51     86     34     36     53     70     92     71      0     86     51     25     94     43     13     96     25     78     74     75     23     14     31     64     76     84     23     64     45    
      42     17     63     41      5     61     75     54     41     40     52     86      0     46     74     45     51     89     12     64     39     21     24     98     81     59     30     49     53     83     46     42    
      31     37     87      7     48     17     30     55     58     73     67     51     46      0     53     77      7     60     52     41     26     27     50     71     54     40     43     68     76     60     58     31    
      31     77     69     49     72     42     52     30     49     71     48     25     74     53      0     72     46     18     85     12     78     68     57     25     11     14     46     53     60      9     42     31    
      53     63     19     70     40     84    101     42     23      5     25     94     45     77     72      0     78     90     55     69     82     63     27     96     83     63     35     19     15     80     30     53    
      29     44     87     10     53     10     24     52     58     74     66     43     51      7     46     78      0     52     58     34     34     33     51     64     47     35     43     67     75     53     56     29    
      46     90     86     58     88     44     49     48     67     89     66     13     89     60     18     90     52      0     99     24     86     79     74     11      7     30     63     71     78     12     60     46    
      54     16     73     48     16     68     82     66     53     50     64     96     12     52     85     55     58     99      0     75     38     25     36    109     92     70     42     60     63     94     59     54    
      21     66     69     37     63     31     43     29     45     67     47     25     64     41     12     69     34     24     75      0     66     56     50     34     17      6     39     52     59     20     39     21    
      51     22     97     29     44     44     52     73     70     77     80     78     39     26     78     82     34     86     38     66      0     19     55     98     80     64     54     79     85     86     72     51    
      37     10     77     24     25     43     57     57     51     58     62     74     21     27     68     63     33     79     25     56     19      0     36     90     73     53     36     60     66     77     54     37    
      30     39     41     43     20     59     75     32     17     23     28     75     24     50     57     27     51     74     36     50     55     36      0     82     67     44     11     25     30     66     23     30    
      55    101     90     69     97     56     60     54     73     95     71     23     98     71     25     96     64     11    109     34     98     90     82      0     17     39     71     77     83     16     66     55    
      39     83     80     51     80     40     47     41     60     82     59     14     81     54     11     83     47      7     92     17     80     73     67     17      0     22     56     65     72      9     53     39    
      16     62     63     35     58     33     47     23     39     61     41     31     59     40     14     63     35     30     70      6     64     53     44     39     22      0     33     46     53     24     33     16    
      19     41     44     36     27     49     66     23     15     31     26     64     30     43     46     35     43     63     42     39     54     36     11     71     56     33      0     25     32     55     18     19    
      39     64     19     61     44     72     88     23      9     19      6     76     49     68     53     19     67     71     60     52     79     60     25     77     65     46     25      0      7     61     12     39    
      47     69     11     68     48     79     96     30     17     17     12     84     53     76     60     15     75     78     63     59     85     66     30     83     72     53     32      7      0     67     20     47    
      40     87     75     57     81     48     56     38     57     79     55     23     83     60      9     80     53     12     94     20     86     77     66     16      9     24     55     61     67      0     50     40    
      27     59     31     51     43     60     76     12      7     29      9     64     46     58     42     30     56     60     59     39     72     54     23     66     53     33     18     12     20     50      0     27    
       0     46     58     25     41     32     48     23     30     50     37     45     42     31     31     53     29     46     54     21     51     37     30     55     39     16     19     39     47     40     27      0   
  
      32     15     73     21     24     41     55     51     46     54     57     70     21     25     62     59     31     75     27     51     23      5     32     86     68     48     31     55     62     72     49     32    
      59     73    118     43     86     26     10     80     89    107     96     45     83     37     62    111     33     58     88     54     55     63     85     68     56     57     76     99    106     65     87     59    
      32     68     87     34     71     18     25     47     61     82     65     17     71     34     26     85     26     26     80     19     61     57     62     38     22     24     52     69     77     31     56     32    
      43     78     96     44     82     26     26     56     71     92     74     10     82     43     30     95     36     23     91     26     70     68     73     33     22     32     62     78     86     31     66     43    
      34     54     27     53     34     66     82     24      5     17     13     75     39     60     54     19     60     72     50     50     70     50     15     78     65     43     17     10     15     62     12     34   
  15   21   19   26   15   24   28   18   30   
29   26   28   21   29   15   29   16   19   17   
28   30   19   26   20   19   17   24   20   25   
22  
   46   103        223   311         96   174        361   413        343   415        357   408        357   417        294   374        337   400     
   353   414        248   322         42   111        291   377        124   200         53   115         52   114        345   418        151   231        104   164     
   345   401        159   229        298   364        162   224        134   208         16   92         19   90        199   265        307   375        345   415     
   370   431  

