1 9 50 1 1 480
       0     22     22     13     56     22     32     29     48     54      9     45     58     38     37     26     30     48     24     56     68     51     44     48     52     15     58     51     45     11     36     43     37     10     68     49     29     50     18     15     46     11     49     36     53     44     44     20     40     51     45      0    
      22      0     12     12     76     21     54      8     66     46     24     56     76     21     59     41     11     60     43     70     54     72     65     36     61     29     44     67     24     32     14     39     31     32     86     46     19     43     39     12     67     11     64     16     66     38     61     34     59     32     66     22    
      22     12      0      9     69     32     52     18     58     35     20     45     68     32     58     47     10     68     38     61     66     67     60     48     70     35     56     73     32     34     18     51     43     31     78     58      7     55     36     21     65     16     55     16     74     50     53     41     53     29     68     22    
      13     12      9      0     64     26     44     20     53     42     12     44     64     32     50     38     18     59     31     58     65     60     53     46     62     26     55     64     36     24     24     46     38     22     74     53     16     51     28     15     57      9     52     24     65     45     48     32     47     38     59     13    
      56     76     69     64      0     77     31     84     13     80     51     37      8     94     36     62     80     80     32     24    124      8     13    104     87     62    114     70    100     51     87     94     91     47     17     99     71    103     38     71     21     67     22     86     80     97     19     63     16     97     47     56    
      22     21     32     26     77      0     48     23     70     67     31     68     79     22     50     25     33     39     47     78     47     71     64     27     39     15     37     49     34     25     33     20     14     29     90     27     39     27     39     11     63     17     71     37     45     21     66     19     62     53     54     22    
      32     54     52     44     31     48      0     61     31     76     32     45     37     68      8     30     62     49     19     45     95     24     18     75     55     33     86     41     77     23     68     64     61     22     48     67     57     73     17     45     14     43     38     68     50     67     31     32     23     82     21     32    
      29      8     18     20     84     23     61      0     74     49     32     63     84     14     66     46     12     62     51     78     47     80     73     31     62     34     38     72     16     39      9     37     28     39     94     44     23     39     47     17     75     18     72     14     69     34     69     39     67     29     72     29    
      48     66     58     53     13     70     31     74      0     66     42     24     10     85     38     59     69     80     23     14    116     16     15     96     86     57    106     72     90     45     76     89     84     40     20     94     59     97     30     62     26     58      9     74     81     91      6     59      8     84     50     48    
      54     46     35     42     80     67     76     49     66      0     47     44     75     63     84     80     37    102     56     61     94     80     75     80    105     69     85    105     56     64     42     85     77     60     81     92     27     88     59     56     84     51     59     36    107     83     60     74     65     31     96     54    
       9     24     20     12     51     31     32     32     42     47      0     37     52     43     39     34     30     57     19     48     75     48     41     55     60     24     65     58     48     17     36     51     45     12     62     57     24     58     16     21     45     16     41     36     61     52     37     29     35     49     49      9    
      45     56     45     44     37     68     45     63     24     44     37      0     31     77     54     66     55     89     27     17    110     39     36     91     94     59    100     85     78     49     63     88     82     43     37     94     43     95     35     58     47     52     15     60     92     89     18     63     26     66     67     45    
      58     76     68     64      8     79     37     84     10     75     52     31      0     95     43     67     79     87     33     16    126     16     19    106     93     66    116     77    100     55     87     98     94     50     10    103     69    106     40     73     29     68     16     84     87    100     15     67     17     94     55     58    
      38     21     32     32     94     22     68     14     85     63     43     77     95      0     71     47     26     58     62     91     33     89     82     17     57     37     23     70     13     45     21     27     19     47    105     33     38     26     56     23     83     27     84     27     65     23     80     41     78     39     76     38    
      37     59     58     50     36     50      8     66     38     84     39     54     43     71      0     29     67     44     28     52     96     28     24     76     50     34     87     34     81     27     73     64     62     27     53     66     63     72     24     49     16     48     46     73     44     67     39     32     30     88     13     37    
      26     41     47     38     62     25     30     46     59     80     34     66     67     47     29      0     52     23     39     71     67     55     49     49     28     12     59     26     59     17     55     34     34     23     78     37     54     43     31     29     44     31     64     58     27     38     57      6     50     74     29     26    
      30     11     10     18     80     33     62     12     69     37     30     55     79     26     67     52      0     71     49     71     58     77     71     43     72     40     49     79     22     41      7     49     40     40     89     56     13     51     46     24     75     21     66      6     77     46     63     46     63     21     76     30    
      48     60     68     59     80     39     49     62     80    102     57     89     87     58     44     23     71      0     62     93     67     73     68     52      6     33     61     17     71     41     72     35     40     46     97     33     75     43     54     47     60     51     86     76      7     40     79     28     72     92     37     48    
      24     43     38     31     32     47     19     51     23     56     19     27     33     62     28     39     49     62      0     32     93     28     22     73     67     34     83     57     68     23     56     66     61     17     43     71     41     74      8     39     27     35     25     54     64     68     19     37     15     67     41     24    
      56     70     61     58     24     78     45     78     14     61     48     17     16     91     52     71     71     93     32      0    123     30     30    104     98     67    113     86     93     56     79     98     93     50     20    104     60    106     41     70     41     64      7     76     95    100     14     70     22     83     65     56    
      68     54     66     65    124     47     95     47    116     94     75    110    126     33     96     67     58     67     93    123      0    118    111     19     63     62     10     83     38     72     52     33     33     76    137     34     71     24     86     53    110     59    117     58     74     28    112     63    108     66     96     68    
      51     72     67     60      8     71     24     80     16     80     48     39     16     89     28     55     77     73     28     30    118      0      6     98     79     56    108     61     96     45     84     88     85     42     25     92     69     96     33     66     13     62     26     83     72     91     21     56     15     95     39     51    
      44     65     60     53     13     64     18     73     15     75     41     36     19     82     24     49     71     68     22     30    111      6      0     92     74     50    102     58     89     39     78     82     78     35     29     86     63     90     26     59     11     55     24     76     68     84     18     50     10     89     36     44    
      48     36     48     46    104     27     75     31     96     80     55     91    106     17     76     49     43     52     73    104     19     98     92      0     50     42     10     68     27     53     38     17     14     56    117     21     54     12     66     34     90     39     97     44     60     12     92     44     89     55     78     48    
      52     61     70     62     87     39     55     62     86    105     60     94     93     57     50     28     72      6     67     98     63     79     74     50      0     36     57     23     70     45     72     32     38     51    103     29     77     39     59     49     67     53     91     77     11     37     85     31     77     92     44     52    
      15     29     35     26     62     15     33     34     57     69     24     59     66     37     34     12     40     33     34     67     62     56     50     42     36      0     52     38     48     11     43     32     28     17     77     36     42     40     26     17     48     19     60     46     38     34     54      5     49     61     39     15    
      58     44     56     55    114     37     86     38    106     85     65    100    116     23     87     59     49     61     83    113     10    108    102     10     57     52      0     77     30     63     43     26     24     66    127     28     61     18     76     43    100     49    107     49     68     21    102     54     99     58     88     58    
      51     67     73     64     70     49     41     72     72    105     58     85     77     70     34     26     79     17     57     86     83     61     58     68     23     38     77      0     83     41     81     51     54     46     87     49     80     59     50     55     49     57     79     84     12     56     72     33     64    100     23     51    
      45     24     32     36    100     34     77     16     90     56     48     78    100     13     81     59     22     71     68     93     38     96     89     27     70     48     30     83      0     54     15     40     32     55    110     46     35     38     63     32     91     33     88     20     78     36     84     52     83     28     87     45    
      11     32     34     24     51     25     23     39     45     64     17     49     55     45     27     17     41     41     23     56     72     45     39     53     45     11     63     41     54      0     46     43     39      6     65     48     40     51     15     22     38     21     49     47     44     46     42     14     37     62     34     11    
      36     14     18     24     87     33     68      9     76     42     36     63     87     21     73     55      7     72     56     79     52     84     78     38     72     43     43     81     15     46      0     46     38     46     96     53     20     47     52     26     81     25     74      6     79     43     71     48     71     19     81     36    
      43     39     51     46     94     20     64     37     89     85     51     88     98     27     64     34     49     35     66     98     33     88     82     17     32     32     26     51     40     43     46      0      8     48    109      7     58      8     58     31     78     37     91     52     42      5     86     31     81     65     63     43    
      37     31     43     38     91     14     61     28     84     77     45     82     94     19     62     34     40     40     61     93     33     85     78     14     38     28     24     54     32     39     38      8      0     43    104     15     50     13     53     24     76     30     86     43     47      7     81     29     76     57     64     37    
      10     32     31     22     47     29     22     39     40     60     12     43     50     47     27     23     40     46     17     50     76     42     35     56     51     17     66     46     55      6     46     48     43      0     61     53     37     56     10     24     36     21     43     46     50     50     37     20     32     61     37     10    
      68     86     78     74     17     90     48     94     20     81     62     37     10    105     53     78     89     97     43     20    137     25     29    117    103     77    127     87    110     65     96    109    104     61      0    113     78    117     51     83     38     78     23     93     97    111     25     78     28    102     64     68    
      49     46     58     53     99     27     67     44     94     92     57     94    103     33     66     37     56     33     71    104     34     92     86     21     29     36     28     49     46     48     53      7     15     53    113      0     65     10     63     38     82     44     97     59     40     10     91     35     85     72     64     49    
      29     19      7     16     71     39     57     23     59     27     24     43     69     38     63     54     13     75     41     60     71     69     63     54     77     42     61     80     35     40     20     58     50     37     78     65      0     62     40     29     68     24     55     16     81     57     53     48     54     26     74     29    
      50     43     55     51    103     27     73     39     97     88     58     95    106     26     72     43     51     43     74    106     24     96     90     12     39     40     18     59     38     51     47      8     13     56    117     10     62      0     66     37     87     43     99     53     50      5     93     40     89     65     72     50    
      18     39     36     28     38     39     17     47     30     59     16     35     40     56     24     31     46     54      8     41     86     33     26     66     59     26     76     50     63     15     52     58     53     10     51     63     40     66      0     33     29     29     33     52     56     60     27     29     22     65     36     18    
      15     12     21     15     71     11     45     17     62     56     21     58     73     23     49     29     24     47     39     70     53     66     59     34     49     17     43     55     32     22     26     31     24     24     83     38     29     37     33      0     60      6     63     29     53     31     58     22     55     45     55     15    
      46     67     65     57     21     63     14     75     26     84     45     47     29     83     16     44     75     60     27     41    110     13     11     90     67     48    100     49     91     38     81     78     76     36     38     82     68     87     29     60      0     57     35     81     60     82     29     47     21     94     26     46    
      11     11     16      9     67     17     43     18     58     51     16     52     68     27     48     31     21     51     35     64     59     62     55     39     53     19     49     57     33     21     25     37     30     21     78     44     24     43     29      6     57      0     58     27     57     37     53     24     51     42     55     11    
      49     64     55     52     22     71     38     72      9     59     41     15     16     84     46     64     66     86     25      7    117     26     24     97     91     60    107     79     88     49     74     91     86     43     23     97     55     99     33     63     35     58      0     71     88     93      7     62     15     79     59     49    
      36     16     16     24     86     37     68     14     74     36     36     60     84     27     73     58      6     76     54     76     58     83     76     44     77     46     49     84     20     47      6     52     43     46     93     59     16     53     52     29     81     27     71      0     82     49     69     51     69     15     82     36    
      53     66     74     65     80     45     50     69     81    107     61     92     87     65     44     27     77      7     64     95     74     72     68     60     11     38     68     12     78     44     79     42     47     50     97     40     81     50     56     53     60     57     88     82      0     47     81     33     73     98     35     53    
      44     38     50     45     97     21     67     34     91     83     52     89    100     23     67     38     46     40     68    100     28     91     84     12     37     34     21     56     36     46     43      5      7     50    111     10     57      5     60     31     82     37     93     49     47      0     87     35     83     62     68     44    
      44     61     53     48     19     66     31     69      6     60     37     18     15     80     39     57     63     79     19     14    112     21     18     92     85     54    102     72     84     42     71     86     81     37     25     91     53     93     27     58     29     53      7     69     81     87      0     56      8     78     52     44    
      20     34     41     32     63     19     32     39     59     74     29     63     67     41     32      6     46     28     37     70     63     56     50     44     31      5     54     33     52     14     48     31     29     20     78     35     48     40     29     22     47     24     62     51     33     35     56      0     50     67     35     20    
      40     59     53     47     16     62     23     67      8     65     35     26     17     78     30     50     63     72     15     22    108     15     10     89     77     49     99     64     83     37     71     81     76     32     28     85     54     89     22     55     21     51     15     69     73     83      8     50      0     80     43     40    
      51     32     29     38     97     53     82     29     84     31     49     66     94     39     88     74     21     92     67     83     66     95     89     55     92     61     58    100     28     62     19     65     57     61    102     72     26     65     65     45     94     42     79     15     98     62     78     67     80      0     97     51    
      45     66     68     59     47     54     21     72     50     96     49     67     55     76     13     29     76     37     41     65     96     39     36     78     44     39     88     23     87     34     81     63     64     37     64     64     74     72     36     55     26     55     59     82     35     68     52     35     43     97      0     45    
       0     22     22     13     56     22     32     29     48     54      9     45     58     38     37     26     30     48     24     56     68     51     44     48     52     15     58     51     45     11     36     43     37     10     68     49     29     50     18     15     46     11     49     36     53     44     44     20     40     51     45      0   
   
      36     38     48     42     86     16     55     38     81     83     45     82     90     31     54     25     48     27     58     91     43     79     73     26     26     23     35     42     44     35     47      9     12     40    100     13     56     18     50     27     69     33     84     52     34     14     78     22     72     67     53     36    
      45     59     50     47     28     68     39     67     15     52     37      8     23     80     48     63     60     86     24     11    112     31     29     93     91     58    102     80     82     47     68     88     82     41     29     94     48     95     32     59     39     53      7     65     88     89     10     61     18     73     61     45    
      41     49     58     50     80     28     48     51     78     93     49     84     86     46     45     18     61     11     57     90     57     73     67     42     11     25     51     26     60     35     61     25     29     41     96     24     66     33     49     37     61     42     82     65     18     30     76     21     69     81     41     41    
      51     71     74     64     54     57     29     77     58    102     56     75     62     79     21     32     81     34     48     73     97     46     43     80     41     42     89     18     90     40     85     64     65     43     71     64     80     73     43     59     33     60     66     87     31     68     59     38     51    103      7     51    
      59     46     37     46     92     68     85     46     79     13     54     57     88     59     92     84     35    105     66     74     88     92     87     75    107     72     80    111     50     70     38     84     75     66     94     91     30     85     67     58     94     54     72     32    111     81     73     78     77     22    103     59    
      39     50     58     50     75     30     43     53     73     93     48     81     81     50     40     15     62      9     54     86     63     68     62     47     13     24     56     21     63     32     63     30     33     38     91     29     66     38     46     38     56     42     79     67     15     35     72     18     65     82     35     39    
      13     17     11      5     59     30     41     25     49     41      9     39     59     37     48     39     21     61     27     53     70     56     50     51     64     28     60     65     40     24     28     50     43     21     69     57     16     56     25     19     54     13     47     27     66     50     44     33     43     40     58     13    
      31     50     54     45     56     35     25     55     55     85     38     66     62     57     21     10     60     24     38     69     77     49     44     58     30     20     68     20     68     21     64     44     44     26     73     46     61     53     31     37     37     39     62     66     26     48     55     16     47     82     19     31    
      44     24     23     31     92     44     75     21     80     34     43     64     90     31     81     65     13     83     61     80     60     89     83     48     84     53     52     92     22     55     11     57     49     53     99     64     21     58     59     36     88     34     76      7     90     54     74     59     75      8     90     44   
     23   23   19   25   29   20   22   18   28   
22   17   18   29   25   23   17   16   27   16   
21   21   15   25   30   19   30   17   27   21   
17   29   18   24   24   21   28   30   22   22   
22   30   19   30   18   18   25   18   20   23   
23   
    192   258         70   136        333   409        381   399         51   113        352   428        265   347        266   346        108   182     
   343   409        399   418        336   404        157   231        328   408        105   189         30   77        353   416         26   94        108   186     
    68   101         88   154        297   377         58   134        164   226        295   363        355   392        160   240         96   174        289   357     
   303   367        239   321         90   154        208   280        221   289        234   294        342   416        313   379        120   188        347   407     
   108   194        292   376        123   191         37   123         95   175        138   198        234   296        245   321        220   302         86   154     
   285   363       
