1 7 40 1 1 480
       0     36     45     50     12     32     52     36     23     41     22     41     29     30     32     48      8     51     46     18     52     42     19     24     31     37     67     21     26     42     43     17     41     50     28     20     16     46     34     46     53      0    
      36      0     41     24     29     62     27     60     24     51     44     77     19     38     25     35     44     48     60     52     64     19     38     17     67     73     84     55     55     45     71     25     67     83     44     56     53     82     52     54     19     36    
      45     41      0     66     49     45     27     81     54     81     65     79     23     68     60     11     47     85     25     47     27     60     27     29     68     73     48     65     41     79     48     50     86     93     70     55     58     76     77     86     57     45    
      50     24     66      0     38     81     49     59     27     41     46     86     43     34     20     59     58     31     83     68     88      8     58     39     77     83    108     62     74     33     91     33     65     86     42     69     63     94     48     42     16     50    
      12     29     49     38      0     45     50     33     11     32     17     49     29     20     20     50     20     39     55     30     61     30     28     23     39     46     78     26     38     31     55      5     39     54     20     31     25     56     28     37     43     12    
      32     62     45     81     45      0     66     59     56     72     51     40     46     62     65     54     26     83     27     16     33     73     25     45     31     33     40     38      7     74     10     49     61     57     58     22     29     32     63     77     81     32    
      52     27     27     49     50     66      0     84     50     78     67     93     23     65     52     16     58     75     52     62     54     45     43     28     82     88     75     74     61     72     72     48     90    103     69     70     69     94     77     81     36     52    
      36     60     81     59     33     59     84      0     36     22     16     35     62     25     40     83     36     38     80     43     86     53     55     56     33     37     99     20     54     30     69     36      6     27     17     36     29     49     12     26     71     36    
      23     24     54     27     11     56     50     36      0     28     20     58     31     15      9     52     31     31     64     41     70     20     37     25     49     55     88     34     49     24     66      6     43     60     20     42     35     66     27     32     35     23    
      41     51     81     41     32     72     78     22     28      0     20     57     59     13     26     80     46     16     87     55     93     38     60     53     52     57    109     37     66      9     83     31     27     50     14     51     43     70     11      5     55     41    
      22     44     65     46     17     51     67     16     20     20      0     41     46     14     26     67     25     33     68     35     74     39     41     40     34     40     89     18     45     24     62     19     22     40      6     31     23     52     12     25     55     22    
      41     77     79     86     49     40     93     35     58     57     41      0     69     54     66     85     34     73     67     32     73     78     52     65     10      7     78     23     39     64     47     54     33     19     46     23     24     15     46     61     93     41    
      29     19     23     43     29     46     23     62     31     59     46     69      0     46     37     21     35     61     40     39     44     37     21      6     59     64     65     50     40     56     53     28     68     79     49     46     45     71     57     63     37     29    
      30     38     68     34     20     62     65     25     15     13     14     54     46      0     15     67     36     21     75     46     81     28     48     40     48     54     98     32     56     12     73     18     31     52      8     44     36     66     14     17     46     30    
      32     25     60     20     20     65     52     40      9     26     26     66     37     15      0     57     40     24     72     50     78     13     45     31     57     64     96     42     58     20     75     15     46     66     23     51     44     75     29     29     30     32    
      48     35     11     59     50     54     16     83     52     80     67     85     21     67     57      0     52     81     37     53     38     54     33     27     75     79     59     69     50     76     58     49     88     98     70     62     62     84     78     84     48     48    
       8     44     47     58     20     26     58     36     31     46     25     34     35     36     40     52      0     57     43     10     50     50     20     31     24     29     63     18     20     48     37     25     40     45     31     12     10     38     37     51     61      8    
      51     48     85     31     39     83     75     38     31     16     33     73     61     21     24     81     57      0     95     67    101     31     67     56     67     73    118     51     77      9     94     36     43     66     27     65     57     85     27     13     47     51    
      46     60     25     83     55     27     52     80     64     87     68     67     40     75     72     37     43     95      0     37      6     76     27     43     58     60     24     60     28     87     25     58     83     84     74     46     51     60     80     92     78     46    
      18     52     47     68     30     16     62     43     41     55     35     32     39     46     50     53     10     67     37      0     44     60     20     37     21     25     55     23     10     58     27     35     46     47     41      9     14     31     46     60     70     18    
      52     64     27     88     61     33     54     86     70     93     74     73     44     81     78     38     50    101      6     44      0     81     33     48     64     66     21     67     34     93     29     64     89     90     80     52     58     65     86     98     81     52    
      42     19     60      8     30     73     45     53     20     38     39     78     37     28     13     54     50     31     76     60     81      0     51     32     69     76    101     55     66     30     83     25     60     79     36     61     56     87     42     39     17     42    
      19     38     27     58     28     25     43     55     37     60     41     52     21     48     45     33     20     67     27     20     33     51      0     21     41     46     51     38     18     60     33     31     59     65     47     28     30     51     54     65     57     19    
      24     17     29     39     23     45     28     56     25     53     40     65      6     40     31     27     31     56     43     37     48     32     21      0     55     60     68     45     39     50     54     22     62     74     43     43     41     68     51     57     36     24    
      31     67     68     77     39     31     82     33     49     52     34     10     59     48     57     75     24     67     58     21     64     69     41     55      0      6     71     16     30     58     40     44     32     26     40     13     14     18     41     57     83     31    
      37     73     73     83     46     33     88     37     55     57     40      7     64     54     64     79     29     73     60     25     66     76     46     60      6      0     71     22     32     64     40     51     36     25     46     17     20     12     46     62     89     37    
      67     84     48    108     78     40     75     99     88    109     89     78     65     98     96     59     63    118     24     55     21    101     51     68     71     71      0     78     44    110     31     82    101     97     95     62     69     67    101    114    102     67    
      21     55     65     62     26     38     74     20     34     37     18     23     50     32     42     69     18     51     60     23     67     55     38     45     16     22     78      0     34     42     48     30     22     29     24     16      8     34     26     41     69     21    
      26     55     41     74     38      7     61     54     49     66     45     39     40     56     58     50     20     77     28     10     34     66     18     39     30     32     44     34      0     68     17     42     56     56     51     18     25     34     57     71     74     26    
      42     45     79     33     31     74     72     30     24      9     24     64     56     12     20     76     48      9     87     58     93     30     60     50     58     64    110     42     68      0     85     29     36     58     18     55     48     76     18      9     47     42    
      43     71     48     91     55     10     72     69     66     83     62     47     53     73     75     58     37     94     25     27     29     83     33     54     40     40     31     48     17     85      0     60     71     65     68     32     40     37     73     88     90     43    
      17     25     50     33      5     49     48     36      6     31     19     54     28     18     15     49     25     36     58     35     64     25     31     22     44     51     82     30     42     29     60      0     42     58     21     36     30     61     29     35     39     17    
      41     67     86     65     39     61     90      6     43     27     22     33     68     31     46     88     40     43     83     46     89     60     59     62     32     36    101     22     56     36     71     42      0     22     23     38     31     47     18     30     77     41    
      50     83     93     86     54     57    103     27     60     50     40     19     79     52     66     98     45     66     84     47     90     79     65     74     26     25     97     29     56     58     65     58     22      0     43     38     35     33     39     53     96     50    
      28     44     70     42     20     58     69     17     20     14      6     46     49      8     23     70     31     27     74     41     80     36     47     43     40     46     95     24     51     18     68     21     23     43      0     38     30     58      8     19     54     28    
      20     56     55     69     31     22     70     36     42     51     31     23     46     44     51     62     12     65     46      9     52     61     28     43     13     17     62     16     18     55     32     36     38     38     38      0      8     25     41     56     74     20    
      16     53     58     63     25     29     69     29     35     43     23     24     45     36     44     62     10     57     51     14     58     56     30     41     14     20     69      8     25     48     40     30     31     35     30      8      0     31     33     48     69     16    
      46     82     76     94     56     32     94     49     66     70     52     15     71     66     75     84     38     85     60     31     65     87     51     68     18     12     67     34     34     76     37     61     47     33     58     25     31      0     59     74     99     46    
      34     52     77     48     28     63     77     12     27     11     12     46     57     14     29     78     37     27     80     46     86     42     54     51     41     46    101     26     57     18     73     29     18     39      8     41     33     59      0     15     60     34    
      46     54     86     42     37     77     81     26     32      5     25     61     63     17     29     84     51     13     92     60     98     39     65     57     57     62    114     41     71      9     88     35     30     53     19     56     48     74     15      0     57     46    
      53     19     57     16     43     81     36     71     35     55     55     93     37     46     30     48     61     47     78     70     81     17     57     36     83     89    102     69     74     47     90     39     77     96     54     74     69     99     60     57      0     53    
       0     36     45     50     12     32     52     36     23     41     22     41     29     30     32     48      8     51     46     18     52     42     19     24     31     37     67     21     26     42     43     17     41     50     28     20     16     46     34     46     53      0   
 
      10     25     42     40      7     41     44     40     15     39     24     51     22     26     24     43     18     45     49     28     55     32     22     16     41     47     73     30     34     38     51      9     45     58     27     31     27     57     35     44     42     10    
      37      8     48     17     27     66     35     56     20     44     40     76     26     32     18     43     45     40     66     54     70     11     42     22     67     73     91     53     59     38     75     22     62     80     39     57     52     83     47     47     16     37    
      37     30     11     54     40     46     21     73     44     71     57     75     12     58     49     10     41     74     33     43     35     48     23     18     64     69     56     58     41     68     51     40     78     87     60     51     52     75     68     75     46     37    
      47     23     24     46     45     61      5     79     45     73     62     87     18     60     47     14     53     71     49     57     51     42     37     22     77     82     72     68     56     67     67     43     84     97     64     64     63     89     72     76     34     47    
      60     94    100     99     65     61    113     41     73     63     53     21     89     65     79    106     54     80     88     53     94     92     73     84     31     28     98     39     60     72     67     70     36     13     56     44     43     31     53     66    108     60    
      12     35     54     42      6     44     57     27     14     29     11     43     35     18     23     56     18     38     58     28     64     35     31     29     34     41     80     20     38     30     55     10     32     47     15     28     21     52     23     34     49     12    
      37     72     63     87     49     18     82     51     60     68     48     23     59     62     69     71     29     82     46     20     51     79     39     57     18     16     55     31     21     73     24     54     50     42     55     18     25     13     58     73     90     37   
  22   29   25   25   21   17   20   30   27   
30   23   17   22   18   26   26   25   18   24   
24   26   21   19   28   18   20   30   25   16   
16   18   26   22   28   26   28   26   30   23   
16  
     227   309        101   169        321   399        336   410        223   293        188   250        346   420        293   359         57   141     
   280   354        295   365        213   289        103   175        149   213        313   381         31   115        171   249        233   315        182   242     
    52   95        185   269         40   108         70   134        331   395         37   109        198   282        237   307        126   212        308   378     
   237   313         81   155        388   413        320   388        152   214        219   281        111   185        138   212        232   312        222   282     
   336   411        
