1 9 50 1 1 480
       0     30     33     54     55     47     54     59     53     31     31     20     50     18     52     38     41     38     11     57     12     38     46     23      9     25     59     46     42     48     46     20     55     41     48     21     33     29     29     55     27      6     31     55     49     25     23     28      2     30     28      0    
      30      0     49     81     36     66     78     88     39     14     60     20     21     14     78     64     71     63     18     51     21     20     67     48     35     55     48     71     16     77     40     48     80     11     64     49     25     54     20     85     40     30     60     32     55     34     49     50     29     56     56     30    
      33     49      0     74     50     17     32     71     83     57     33     50     69     35     34     61     56     20     37     89     43     66     20     15     24     36     90     69     52     43     78     22     77     57     78     46     31     16     32     65      8     39     48     55     82     58     50     57     31     54     50     33    
      54     81     74      0    110     78     70     17     82     74     43     62     97     72     64     17     19     62     64     72     59     78     72     59     56     38     80     10     96     45     68     52      5     92     31     33     88     60     84     21     74     51     26    110     53     50     31     31     56     25     26     54    
      55     36     50    110      0     65     82    113     71     50     78     54     41     38     85     93     95     71     46     86     53     54     70     59     54     76     82    101     21     92     76     63    110     31     99     76     22     64     25    108     44     59     85      8     91     69     78     81     53     85     83     55    
      47     66     17     78     65      0     18     70     99     74     35     66     86     52     22     66     59     16     53    104     59     82      6     24     38     41    106     74     69     38     93     30     81     74     87     55     48     20     49     63     25     53     53     71     95     72     59     67     46     61     56     47    
      54     78     32     70     82     18      0     60    108     84     31     74     99     64      7     63     52     16     63    110     67     92     12     31     45     39    113     69     84     26     99     34     75     88     86     55     63     25     64     53     40     59     49     88     98     77     60     67     53     59     54     54    
      59     88     71     17    113     70     60      0     96     84     38     72    106     78     53     27     17     55     70     88     67     89     64     57     58     37     95     25    102     34     82     51     23    100     48     39     90     55     87      7     73     58     28    114     69     62     40     43     60     33     32     59    
      53     39     83     82     71     99    108     96      0     26     82     33     33     48    105     68     81     92     46     18     41     18     99     77     62     74     11     72     50     98     14     74     78     40     54     61     64     83     59     95     76     48     73     65     34     35     58     53     54     64     67     53    
      31     14     57     74     50     74     84     84     26      0     62     12     22     22     82     58     67     68     21     37     19      8     74     53     39     55     34     64     29     79     26     51     72     21     54     45     38     59     33     81     50     28     57     45     41     24     44     43     31     51     52     31    
      31     60     33     43     78     35     31     38     82     62      0     50     81     47     26     32     24     19     42     81     43     69     29     19     25      8     85     39     71     17     71     14     46     71     55     24     55     17     53     31     35     34     18     80     67     48     29     36     31     28     23     31    
      20     20     50     62     54     66     74     72     33     12     50      0     34     19     72     46     54     58     13     39      7     19     65     43     29     43     39     52     36     67     27     41     60     30     44     32     38     49     33     69     43     16     44     51     37     14     31     31     21     38     39     20    
      50     21     69     97     41     86     99    106     33     22     81     34      0     35     99     80     89     84     38     50     39     21     88     69     56     75     44     87     21     98     42     69     95     12     76     67     41     75     38    103     60     49     79     33     60     47     66     65     49     73     74     50    
      18     14     35     72     38     52     64     78     48     22     47     19     35      0     64     55     60     49      8     58     16     30     53     34     21     42     57     63     24     64     46     34     72     24     61     39     19     40     14     73     27     21     49     37     56     33     41     43     17     47     46     18    
      52     78     34     64     85     22      7     53    105     82     26     72     99     64      0     57     45     15     61    106     64     90     16     30     43     34    110     63     84     19     96     31     68     88     81     50     65     24     64     46     41     57     43     90     93     73     55     62     51     53     48     52    
      38     64     61     17     93     66     63     27     68     58     32     46     80     55     57      0     14     51     47     61     42     62     61     46     40     25     68      8     79     41     55     39     17     75     25     16     71     47     67     27     59     34     13     93     43     35     14     15     39      8     11     38    
      41     71     56     19     95     59     52     17     81     67     24     54     89     60     45     14      0     43     53     74     49     72     53     41     41     20     81     17     84     28     68     35     23     82     39     21     73     41     70     14     57     40     10     96     57     46     23     28     43     17     14     41    
      38     63     20     62     71     16     16     55     92     68     19     58     84     49     15     51     43      0     47     94     51     76     10     15     29     26     97     58     69     23     84     18     65     73     73     41     50      9     50     48     26     43     37     75     83     61     46     53     37     46     41     38    
      11     18     37     64     46     53     63     70     46     21     42     13     38      8     61     47     53     47      0     53      8     29     53     32     18     37     53     55     31     59     41     31     64     29     52     31     27     38     22     66     30     12     42     45     49     25     32     35     11     39     38     11    
      57     51     89     72     86    104    110     88     18     37     81     39     50     58    106     61     74     94     53      0     46     32    103     80     66     72      9     63     65     96     11     76     67     56     41     57     75     86     70     88     83     51     68     81     19     33     53     47     58     58     62     57    
      12     21     43     59     53     59     67     67     41     19     43      7     39     16     64     42     49     51      8     46      0     26     58     36     21     36     47     49     37     60     34     33     58     33     45     27     35     42     30     63     37      9     39     51     41     17     27     28     13     34     34     12    
      38     20     66     78     54     82     92     89     18      8     69     19     21     30     90     62     72     76     29     32     26      0     82     61     46     62     28     68     33     86     22     59     75     24     55     51     45     67     40     87     58     35     63     49     39     27     49     46     39     56     57     38    
      46     67     20     72     70      6     12     64     99     74     29     65     88     53     16     61     53     10     53    103     58     82      0     22     36     36    105     69     72     31     92     26     76     76     83     51     51     16     52     57     28     52     48     75     92     70     56     63     44     56     52     46    
      23     48     15     59     59     24     31     57     77     53     19     43     69     34     30     46     41     15     32     80     36     61     22      0     14     21     82     54     55     32     70      7     62     58     64     32     37      6     36     51     16     29     33     63     71     48     36     44     22     39     35     23    
       9     35     24     56     54     38     45     58     62     39     25     29     56     21     43     40     41     29     18     66     21     46     36     14      0     22     68     49     45     42     55     13     57     46     54     24     32     20     29     53     20     15     31     56     58     34     28     34      8     32     30      9    
      25     55     36     38     76     41     39     37     74     55      8     43     75     42     34     25     20     26     37     72     36     62     36     21     22      0     77     33     67     24     63     14     41     66     47     15     53     22     50     31     36     27     12     78     59     40     20     28     26     20     15     25    
      59     48     90     80     82    106    113     95     11     34     85     39     44     57    110     68     81     97     53      9     47     28    105     82     68     77      0     70     60    101     13     79     75     51     50     62     73     88     68     95     83     53     74     76     28     37     59     53     60     64     67     59    
      46     71     69     10    101     74     69     25     72     64     39     52     87     63     63      8     17     58     55     63     49     68     69     54     49     33     70      0     86     45     58     47      8     82     23     24     79     55     75     26     67     42     21    100     44     40     22     21     47     16     19     46    
      42     16     52     96     21     69     84    102     50     29     71     36     21     24     84     79     84     69     31     65     37     33     72     55     45     67     60     86      0     87     55     57     95      9     81     63     21     61     20     98     44     44     74     16     70     51     64     66     41     71     70     42    
      48     77     43     45     92     38     26     34     98     79     17     67     98     64     19     41     28     23     59     96     60     86     31     32     42     24    101     45     87      0     87     29     50     88     65     38     70     28     68     27     48     51     28     95     81     64     42     50     48     39     34     48    
      46     40     78     68     76     93     99     82     14     26     71     27     42     46     96     55     68     84     41     11     34     22     92     70     55     63     13     58     55     87      0     66     64     46     39     49     64     75     59     82     71     40     60     71     19     23     45     40     47     51     54     46    
      20     48     22     52     63     30     34     51     74     51     14     41     69     34     31     39     35     18     31     76     33     59     26      7     13     14     79     47     57     29     66      0     55     59     57     25     41     10     39     45     22     25     26     66     65     43     30     37     20     32     28     20    
      55     80     77      5    110     81     75     23     78     72     46     60     95     72     68     17     23     65     64     67     58     75     76     62     57     41     75      8     95     50     64     55      0     91     26     33     88     63     84     27     76     51     29    109     48     48     31     29     56     25     27     55    
      41     11     57     92     31     74     88    100     40     21     71     30     12     24     88     75     82     73     29     56     33     24     76     58     46     66     51     82      9     88     46     59     91      0     74     61     28     64     25     96     48     41     72     25     62     44     61     61     40     68     68     41    
      48     64     78     31     99     87     86     48     54     54     55     44     76     61     81     25     39     73     52     41     45     55     83     64     54     47     50     23     81     65     39     57     26     74      0     32     79     67     75     49     74     42     37     96     22     29     27     20     50     27     32     48    
      21     49     46     33     76     55     55     39     61     45     24     32     67     39     50     16     21     41     31     57     27     51     51     32     24     15     62     24     63     38     49     25     33     61     32      0     55     34     51     36     44     19     12     76     43     26      5     12     23      8      7     21    
      33     25     31     88     22     48     63     90     64     38     55     38     41     19     65     71     73     50     27     75     35     45     51     37     32     53     73     79     21     70     64     41     88     28     79     55      0     42      5     85     23     38     63     25     75     52     57     61     31     63     61     33    
      29     54     16     60     64     20     25     55     83     59     17     49     75     40     24     47     41      9     38     86     42     67     16      6     20     22     88     55     61     28     75     10     63     64     67     34     42      0     41     49     20     35     34     68     75     53     39     47     28     41     36     29    
      29     20     32     84     25     49     64     87     59     33     53     33     38     14     64     67     70     50     22     70     30     40     52     36     29     50     68     75     20     68     59     39     84     25     75     51      5     41      0     82     24     33     59     27     70     47     53     56     27     59     57     29    
      55     85     65     21    108     63     53      7     95     81     31     69    103     73     46     27     14     48     66     88     63     87     57     51     53     31     95     26     98     27     82     45     27     96     49     36     85     49     82      0     67     55     24    109     70     60     38     42     56     31     29     55    
      27     40      8     74     44     25     40     73     76     50     35     43     60     27     41     59     57     26     30     83     37     58     28     16     20     36     83     67     44     48     71     22     76     48     74     44     23     20     24     67      0     34     48     48     77     52     48     54     26     52     48     27    
       6     30     39     51     59     53     59     58     48     28     34     16     49     21     57     34     40     43     12     51      9     35     52     29     15     27     53     42     44     51     40     25     51     41     42     19     38     35     33     55     34      0     30     58     42     18     20     23      8     26     26      6    
      31     60     48     26     85     53     49     28     73     57     18     44     79     49     43     13     10     37     42     68     39     63     48     33     31     12     74     21     74     28     60     26     29     72     37     12     63     34     59     24     48     30      0     86     52     38     15     21     32     10      6     31    
      55     32     55    110      8     71     88    114     65     45     80     51     33     37     90     93     96     75     45     81     51     49     75     63     56     78     76    100     16     95     71     66    109     25     96     76     25     68     27    109     48     58     86      0     86     66     78     80     53     85     83     55    
      49     55     82     53     91     95     98     69     34     41     67     37     60     56     93     43     57     83     49     19     41     39     92     71     58     59     28     44     70     81     19     65     48     62     22     43     75     75     70     70     77     42     52     86      0     24     38     31     51     42     46     49    
      25     34     58     50     69     72     77     62     35     24     48     14     47     33     73     35     46     61     25     33     17     27     70     48     34     40     37     40     51     64     23     43     48     44     29     26     52     53     47     60     52     18     38     66     24      0     23     19     26     29     32     25    
      23     49     50     31     78     59     60     40     58     44     29     31     66     41     55     14     23     46     32     53     27     49     56     36     28     20     59     22     64     42     45     30     31     61     27      5     57     39     53     38     48     20     15     78     38     23      0      7     25      7      9     23    
      28     50     57     31     81     67     67     43     53     43     36     31     65     43     62     15     28     53     35     47     28     46     63     44     34     28     53     21     66     50     40     37     29     61     20     12     61     47     56     42     54     23     21     80     31     19      7      0     30     11     15     28    
       2     29     31     56     53     46     53     60     54     31     31     21     49     17     51     39     43     37     11     58     13     39     44     22      8     26     60     47     41     48     47     20     56     40     50     23     31     28     27     56     26      8     32     53     51     26     25     30      0     31     30      2    
      30     56     54     25     85     61     59     33     64     51     28     38     73     47     53      8     17     46     39     58     34     56     56     39     32     20     64     16     71     39     51     32     25     68     27      8     63     41     59     31     52     26     10     85     42     29      7     11     31      0      5     30    
      28     56     50     26     83     56     54     32     67     52     23     39     74     46     48     11     14     41     38     62     34     57     52     35     30     15     67     19     70     34     54     28     27     68     32      7     61     36     57     29     48     26      6     83     46     32      9     15     30      5      0     28    
       0     30     33     54     55     47     54     59     53     31     31     20     50     18     52     38     41     38     11     57     12     38     46     23      9     25     59     46     42     48     46     20     55     41     48     21     33     29     29     55     27      6     31     55     49     25     23     28      2     30     28      0   
  
      32     28     26     85     26     43     58     87     67     41     51     39     45     19     60     69     70     45     27     77     35     48     46     33     29     50     76     77     26     66     66     37     86     33     79     52      5     38      7     82     18     37     60     30     76     52     55     60     30     61     59     32    
      40     70     40     41     87     38     29     32     90     71      9     59     90     56     23     34     22     22     51     88     52     78     32     27     35     16     93     39     80      8     79     23     45     81     58     30     64     24     62     25     43     43     21     89     73     56     34     42     40     32     27     40    
      49     25     53    103     13     70     85    109     58     38     76     44     27     31     87     86     91     72     39     74     45     42     73     59     51     73     69     94      9     91     64     62    103     18     89     70     22     64     22    104     45     52     80      7     79     59     72     74     48     78     77     49    
      32     47     65     39     82     76     78     53     43     37     47     27     60     44     73     26     39     63     36     35     28     39     73     52     40     39     42     29     63     61     29     46     36     57     17     23     63     56     58     53     60     26     33     79     20     13     18     11     34     22     26     32    
      44     74     54     25     96     54     45     17     88     72     20     59     93     62     38     22      8     38     56     82     54     78     48     39     42     20     88     26     87     20     75     33     30     86     47     27     74     38     71     11     56     44     15     98     65     53     30     35     45     24     21     44    
      31     49     62     35     82     73     74     48     47     40     43     29     63     44     69     21     34     59     36     40     28     43     69     49     38     34     47     25     65     56     34     43     32     60     17     19     62     53     58     48     58     25     28     80     24     15     14      6     33     17     21     31    
      51     25     57    105     16     74     89    111     56     37     79     45     25     33     91     88     93     76     41     73     46     41     77     62     53     75     67     96      9     94     63     65    104     17     90     72     26     68     26    107     49     53     82      8     79     60     73     75     50     80     79     51    
      43     59     74     34     93     84     84     50     49     48     53     39     70     55     79     25     39     70     47     38     39     49     80     60     50     44     46     25     75     65     34     54     29     68      5     29     74     64     69     51     70     37     36     90     19     24     24     17     45     25     30     43    
      38     28     68     70     64     84     92     82     15     14     66     18     31     35     89     55     66     76     31     23     25     10     83     61     47     58     21     60     43     83     12     58     67     34     45     46     52     67     47     81     61     32     58     59     29     20     43     39     38     49     52     38   
  16   20   26   22   19   23   27   28   28   
24   27   24   28   30   27   17   24   19   18   
18   23   19   26   28   23   16   20   17   24   
17   16   25   15   30   22   16   20   21   16   
22   21   24   29   30   17   29   16   16   30   
29   
       233   299         80   168        328   398        138   214        309   381         95   171        166   232        335   399         31   97     
   306   388         53   141        131   209        313   389         52   108        312   382         41   86         98   164        335   415        352   405     
   264   336        106   182         75   141        248   312        202   270         75   145        277   341        289   363        336   410        223   295     
   225   299        100   164        308   370        100   168        366   402         47   111        378   431        330   390         29   89         81   169     
   213   293        264   336        333   417        351   396        127   199         26   112         82   158        360   426        112   178        127   215     
   108   196      

