1 7 40 1 1 480
       0     59     32     53     32     59     28     23      8     40     19     43     24     48     32     69     44     13     14     44     42     69     49     36     39     23     48     49     30     43     51     29     45     49     29     35     58     20     45     38     20      0    
      59      0     60     58     60     81     86     45     55     49     74     78     69     64     90     12     99     56     44     33     18     95    106     80     40     77     76    101     55     18     11     71    103      9     82     73     81     72     57     83     79     59    
      32     60      0     80     62     90     54     48     38     15     49     18     56     77     43     66     46     43     33     63     42     40     54     68     22     28     18     78      5     53     49     14     68     53     59     68     27     23     73     24     42     32    
      53     58     80      0     24     24     63     32     44     80     52     95     39     10     80     70     94     40     47     25     57    120     96     40     73     75     98     62     76     42     60     81     75     51     52     32    108     74      8     92     65     53    
      32     60     62     24      0     28     39     18     24     66     28     75     15     16     56     73     70     19     30     30     52    101     72     20     61     52     79     43     59     42     58     61     52     51     29     13     89     51     16     70     41     32    
      59     81     90     24     28      0     57     45     52     94     49    102     37     17     78     93     92     47     59     48     76    128     92     30     89     78    107     47     87     64     82     88     64     74     45     25    117     78     24     96     64     59    
      28     86     54     63     39     57      0     43     31     65     12     56     24     54     22     97     35     30     42     64     70     81     34     26     67     28     65     25     54     69     79     43     17     76     11     32     75     31     55     46     12     28    
      23     45     48     32     18     45     43      0     15     49     31     63     23     30     54     57     67     13     14     21     34     88     71     35     44     46     66     55     44     27     41     50     59     35     37     29     75     43     25     61     40     23    
       8     55     38     44     24     52     31     15      0     44     19     51     19     40     39     66     52      5     11     36     40     77     56     32     42     31     55     48     36     38     49     37     48     45     28     29     65     29     37     47     26      8    
      40     49     15     80     66     94     65     49     44      0     59     31     63     79     58     52     61     49     35     59     32     46     69     76      9     42     27     89     12     46     38     29     81     43     69     74     32     38     74     39     54     40    
      19     74     49     52     28     49     12     31     19     59      0     56     13     43     29     85     43     18     30     52     59     82     44     21     58     29     63     30     48     57     68     42     29     64     10     24     73     30     44     48     14     19    
      43     78     18     95     75    102     56     63     51     31     56      0     66     91     40     83     37     56     48     80     60     26     45     77     39     28      9     81     23     71     67     14     68     71     64     78     18     25     87     12     44     43    
      24     69     56     39     15     37     24     23     19     63     13     66      0     30     42     81     56     15     30     42     56     92     57     13     61     40     72     31     54     51     65     51     38     59     14     12     82     41     31     59     27     24    
      48     64     77     10     16     17     54     30     40     79     43     91     30      0     72     76     86     35     44     31     60    117     87     30     74     69     95     51     74     47     65     77     65     57     43     22    105     68      7     86     57     48    
      32     90     43     80     56     78     22     54     39     58     29     40     42     72      0    100     13     42     47     76     73     62     16     48     62     15     49     44     45     76     82     30     28     81     33     52     58     20     72     28     15     32    
      69     12     66     70     73     93     97     57     66     52     85     83     81     76    100      0    108     67     55     45     27     98    114     92     44     85     79    112     61     30     17     78    114     21     93     85     84     81     69     89     89     69    
      44     99     46     94     70     92     35     67     52     61     43     37     56     86     13    108      0     55     57     88     81     55      8     62     67     22     46     56     49     86     90     31     38     90     47     66     53     26     86     24     28     44    
      13     56     43     40     19     47     30     13      5     49     18     56     15     35     42     67     55      0     15     34     42     82     58     28     46     35     60     45     41     38     51     42     47     46     26     25     70     33     32     51     27     13    
      14     44     33     47     30     59     42     14     11     35     30     48     30     44     47     55     57     15      0     32     28     73     62     43     31     35     51     60     29     29     37     36     59     34     39     39     61     32     40     47     35     14    
      44     33     63     25     30     48     64     21     36     59     52     80     42     31     76     45     88     34     32      0     32    103     92     51     51     67     81     73     58     16     35     68     80     26     57     43     89     64     24     80     62     44    
      42     18     42     57     52     76     70     34     40     32     59     60     56     60     73     27     81     42     28     32      0     78     87     69     23     59     58     88     37     16      9     52     88     11     68     63     64     54     53     64     62     42    
      69     95     40    120    101    128     81     88     77     46     82     26     92    117     62     98     55     82     73    103     78      0     63    103     55     53     21    106     44     92     84     40     91     90     90    104     14     51    113     34     70     69    
      49    106     54     96     72     92     34     71     56     69     44     45     57     87     16    114      8     58     62     92     87     63      0     61     74     28     54     53     57     92     97     40     33     96     46     67     62     33     88     33     31     49    
      36     80     68     40     20     30     26     35     32     76     21     77     13     30     48     92     62     28     43     51     69    103     61      0     74     50     83     22     67     61     76     62     35     70     15      8     94     51     33     69     34     36    
      39     40     22     73     61     89     67     44     42      9     58     39     61     74     62     44     67     46     31     51     23     55     74     74      0     47     36     88     18     38     29     35     83     34     68     71     41     42     68     46     56     39    
      23     77     28     75     52     78     28     46     31     42     29     28     40     69     15     85     22     35     35     67     59     53     28     50     47      0     36     53     30     64     68     16     41     68     36     52     46      5     67     19     16     23    
      48     76     18     98     79    107     65     66     55     27     63      9     72     95     49     79     46     60     51     81     58     21     54     83     36     36      0     89     22     71     65     21     77     69     72     84     10     33     91     21     52     48    
      49    101     78     62     43     47     25     55     48     89     30     81     31     51     44    112     56     45     60     73     88    106     53     22     88     53     89      0     78     82     96     68     19     91     20     30    100     56     56     71     37     49    
      30     55      5     76     59     87     54     44     36     12     48     23     54     74     45     61     49     41     29     58     37     44     57     67     18     30     22     78      0     48     44     17     69     48     58     65     31     25     70     28     42     30    
      43     18     53     42     42     64     69     27     38     46     57     71     51     47     76     30     86     38     29     16     16     92     92     61     38     64     71     82     48      0     18     62     86     10     64     55     78     60     40     74     64     43    
      51     11     49     60     58     82     79     41     49     38     68     67     65     65     82     17     90     51     37     35      9     84     97     76     29     68     65     96     44     18      0     61     97      8     77     71     70     63     58     73     72     51    
      29     71     14     81     61     88     43     50     37     29     42     14     51     77     30     78     31     42     36     68     52     40     40     62     35     16     21     68     17     62     61      0     57     63     51     63     31     12     74     12     31     29    
      45    103     68     75     52     64     17     59     48     81     29     68     38     65     28    114     38     47     59     80     88     91     33     35     83     41     77     19     69     86     97     57      0     93     23     42     86     45     67     57     27     45    
      49      9     53     51     51     74     76     35     45     43     64     71     59     57     81     21     90     46     34     26     11     90     96     70     34     68     69     91     48     10      8     63     93      0     72     64     75     63     50     75     69     49    
      29     82     59     52     29     45     11     37     28     69     10     64     14     43     33     93     47     26     39     57     68     90     46     15     68     36     72     20     58     64     77     51     23     72      0     21     82     38     44     56     20     29    
      35     73     68     32     13     25     32     29     29     74     24     78     12     22     52     85     66     25     39     43     63    104     67      8     71     52     84     30     65     55     71     63     42     64     21      0     94     53     25     71     38     35    
      58     81     27    108     89    117     75     75     65     32     73     18     82    105     58     84     53     70     61     89     64     14     62     94     41     46     10    100     31     78     70     31     86     75     82     94      0     43    101     30     62     58    
      20     72     23     74     51     78     31     43     29     38     30     25     41     68     20     81     26     33     32     64     54     51     33     51     42      5     33     56     25     60     63     12     45     63     38     53     43      0     66     18     19     20    
      45     57     73      8     16     24     55     25     37     74     44     87     31      7     72     69     86     32     40     24     53    113     88     33     68     67     91     56     70     40     58     74     67     50     44     25    101     66      0     84     57     45    
      38     83     24     92     70     96     46     61     47     39     48     12     59     86     28     89     24     51     47     80     64     34     33     69     46     19     21     71     28     74     73     12     57     75     56     71     30     18     84      0     35     38    
      20     79     42     65     41     64     12     40     26     54     14     44     27     57     15     89     28     27     35     62     62     70     31     34     56     16     52     37     42     64     72     31     27     69     20     38     62     19     57     35      0     20    
       0     59     32     53     32     59     28     23      8     40     19     43     24     48     32     69     44     13     14     44     42     69     49     36     39     23     48     49     30     43     51     29     45     49     29     35     58     20     45     38     20      0   
 
      16     73     44     55     31     54     12     31     18     55      5     51     17     47     25     84     39     18     29     53     58     77     41     26     55     24     58     34     44     57     67     37     30     63     14     28     68     25     47     43     10     16    
      30     68     62     32      9     29     31     23     23     68     20     72      7     23     50     80     63     18     33     39     58     99     64     11     64     48     78     33     59     50     65     58     43     59     20      6     88     48     24     66     35     30    
      33     45     59     21     15     37     50     11     25     59     37     74     27     21     64     58     77     22     25     15     39     99     80     35     53     56     77     58     55     27     45     61     65     37     42     28     86     54     15     72     49     33    
      58      1     59     58     60     81     85     44     54     48     73     77     68     64     89     12     98     55     43     33     17     94    105     79     39     76     75    100     54     18     10     70    102      9     81     73     80     72     57     82     78     58    
      41     26     34     63     56     82     69     38     40     23     59     52     58     66     69     31     76     43     29     40      8     70     83     71     14     54     50     89     29     24     15     46     86     19     68     67     56     50     59     58     60     41    
      46     62     15     91     76    104     69     60     52     13     64     21     70     90     57     65     57     57     45     72     45     33     65     83     22     42     15     93     16     60     51     26     83     56     74     82     19     38     85     33     57     46    
      60    119     75     96     73     86     34     78     64     89     47     69     58     86     31    129     33     65     74     99    102     88     25     57     93     47     78     40     77    103    111     61     22    109     44     64     86     51     89     57     39     60   
 19   26   22   24   20   29   27   15   22   
20   18   19   29   24   15   28   30   20   29   
24   20   23   22   25   30   21   28   21   15   
22   19   20   29   22   20   22   19   20   28   
27  
 183   255        339   422        188   248        109   177        133   197        325   403        282   354        240   320        179   243     
   226   296         43   119        136   210        373   403        159   237        136   198        186   246        227   299        169   251        277   353     
   327   411        322   384        337   399        147   215        180   260        204   282        171   233         49   101        119   179        112   178     
    76   148        269   353        323   391        234   318        191   261        141   217        281   349         89   163        314   398        186   270     
   202   272      