1 7 40 1 1 480
       0     33     24     48     48     57     40     17     20     51     16     19     34     37     45     53     42     58     51     42     16     29      9     36     45     40     31     45     20     39     32     54     30     23     26     41     11     18     26     50     63      0    
      33      0     55     70     79     32     59     18     21     18     43     39     64     48     73     21     63     71     84     75     49     60     24     69     26     44     13     36     53      7     30     74     51     33     43     70     41     35     13     82     68     33    
      24     55      0     54     41     72     52     37     44     74     29     37     31     55     44     73     51     48     29     19     17      5     33     27     59     42     55     68      6     61     41     38     21     44     43     18     24     24     50     26     80     24    
      48     70     54      0     28    100     12     62     48     84     32     31     24     26     15     91      6    102     60     60     39     56     51     34     90     88     59     51     48     72     80     92     73     37     26     69     37     65     57     67     37     48    
      48     79     41     28      0    105     36     65     59     96     36     42     14     48     13    100     31     88     33     37     32     40     55     14     93     82     72     72     36     84     78     75     62     51     41     49     38     61     68     42     65     48    
      57     32     72    100    105      0     90     40     52     29     71     69     91     80    101     18     94     66    101     91     73     77     50     93     13     40     45     66     73     32     32     76     59     64     74     82     67     48     45     97     99     57    
      40     59     52     12     36     90      0     53     37     72     25     22     27     14     23     80      5     97     63     61     35     55     42     37     81     81     47     39     45     61     71     90     68     25     16     68     31     59     46     69     30     40    
      17     18     37     62     65     40     53      0     18     37     31     31     51     45     61     37     56     57     66     56     33     42     11     54     28     32     22     43     36     25     20     58     33     29     37     51     27     17     18     63     70     17    
      20     21     44     48     59     52     37     18      0     37     23     18     44     28     52     42     42     74     69     62     32     49     12     51     44     51     13     26     40     25     38     73     48     12     22     61     23     33      9     70     51     20    
      51     18     74     84     96     29     72     37     37      0     60     55     82     60     89     11     77     85    102     93     67     79     42     87     32     57     25     41     72     12     44     91     68     47     58     88     59     52     28    100     75     51    
      16     43     29     32     36     71     25     31     23     60      0      9     21     26     30     65     26     72     49     43     12     33     20     27     60     56     36     42     23     48     48     65     43     18     13     46      5     33     32     51     51     16    
      19     39     37     31     42     69     22     31     18     55      9      0     27     18     34     60     25     78     58     52     21     41     20     35     59     59     30     33     31     43     49     73     49      9      6     55     13     38     27     60     44     19    
      34     64     31     24     14     91     27     51     44     82     21     27      0     37     13     86     23     79     36     35     19     32     41     10     79     70     57     59     25     69     64     68     51     37     28     45     23     48     53     42     57     34    
      37     48     55     26     48     80     14     45     28     60     26     18     37      0     36     68     20     96     72     68     38     59     35     47     72     76     35     25     49     49     65     91     67     16     12     72     31     55     35     76     26     37    
      45     73     44     15     13    101     23     61     52     89     30     34     13     36      0     94     18     93     45     46     32     45     51     20     90     83     64     61     39     77     76     81     65     42     31     57     34     61     61     53     52     45    
      53     21     73     91    100     18     80     37     42     11     65     60     86     68     94      0     84     78    103     93     70     78     45     90     23     51     32     51     73     18     39     86     65     54     64     86     63     50     34    100     85     53    
      42     63     51      6     31     94      5     56     42     77     26     25     23     20     18     84      0     97     60     59     34     53     45     34     84     82     52     45     45     66     74     89     68     30     19     67     32     60     50     66     34     42    
      58     71     48    102     88     66     97     57     74     85     72     78     79     96     93     78     97      0     63     54     63     47     63     74     55     27     79    100     54     77     41     17     29     82     85     40     66     41     75     54    122     58    
      51     84     29     60     33    101     63     66     69    102     49     58     36     72     45    103     60     63      0     10     37     24     60     26     88     67     82     91     30     90     70     48     45     67     61     24     46     53     77     10     94     51    
      42     75     19     60     37     91     61     56     62     93     43     52     35     68     46     93     59     54     10      0     31     14     52     26     77     57     74     85     22     81     59     39     34     61     56     14     40     43     69      8     92     42    
      16     49     17     39     32     73     35     33     32     67     12     21     19     38     32     70     34     63     37     31      0     20     25     20     60     51     45     54     10     54     45     54     34     30     26     34      9     29     40     39     63     16    
      29     60      5     56     40     77     55     42     49     79     33     41     32     59     45     78     53     47     24     14     20      0     38     26     63     44     60     73      9     67     45     36     22     49     46     13     28     29     55     21     84     29    
       9     24     33     51     55     50     42     11     12     42     20     20     41     35     51     45     45     63     60     52     25     38      0     45     39     41     22     38     30     30     30     61     36     19     26     50     17     21     17     60     61      9    
      36     69     27     34     14     93     37     54     51     87     27     35     10     47     20     90     34     74     26     26     20     26     45      0     81     68     64     68     22     74     65     62     48     45     37     37     27     48     59     32     68     36    
      45     26     59     90     93     13     81     28     44     32     60     59     79     72     90     23     84     55     88     77     60     63     39     81      0     28     39     62     60     30     18     64     45     56     65     68     56     34     38     83     94     45    
      40     44     42     88     82     40     81     32     51     57     56     59     70     76     83     51     82     27     67     57     51     44     41     68     28      0     54     76     45     50     13     36     22     60     66     45     50     22     50     61    102     40    
      31     13     55     59     72     45     47     22     13     25     36     30     57     35     64     32     52     79     82     74     45     60     22     64     39     54      0     23     52     13     40     80     56     22     33     72     36     39      5     82     54     31    
      45     36     68     51     72     66     39     43     26     41     42     33     59     25     61     51     45    100     91     85     54     73     38     68     62     76     23      0     63     33     63     99     74     24     31     86     45     59     26     93     34     45    
      20     53      6     48     36     73     45     36     40     72     23     31     25     49     39     73     45     54     30     22     10      9     30     22     60     45     52     63      0     60     43     44     26     39     37     23     18     26     47     30     74     20    
      39      7     61     72     84     32     61     25     25     12     48     43     69     49     77     18     66     77     90     81     54     67     30     74     30     50     13     33     60      0     36     81     58     35     46     77     47     42     15     88     67     39    
      32     30     41     80     78     32     71     20     38     44     48     49     64     65     76     39     74     41     70     59     45     45     30     65     18     13     40     63     43     36      0     47     26     49     56     49     43     17     36     64     90     32    
      54     74     38     92     75     76     90     58     73     91     65     73     68     91     81     86     89     17     48     39     54     36     61     62     64     36     80     99     44     81     47      0     25     78     79     25     60     41     76     38    117     54    
      30     51     21     73     62     59     68     33     48     68     43     49     51     67     65     65     68     29     45     34     34     22     36     48     45     22     56     74     26     58     26     25      0     54     56     23     37     16     51     38     94     30    
      23     33     44     37     51     64     25     29     12     47     18      9     37     16     42     54     30     82     67     61     30     49     19     45     56     60     22     24     39     35     49     78     54      0     10     62     21     40     20     69     41     23    
      26     43     43     26     41     74     16     37     22     58     13      6     28     12     31     64     19     85     61     56     26     46     26     37     65     66     33     31     37     46     56     79     56     10      0     60     19     44     30     64     38     26    
      41     70     18     69     49     82     68     51     61     88     46     55     45     72     57     86     67     40     24     14     34     13     50     37     68     45     72     86     23     77     49     25     23     62     60      0     42     36     67     15     98     41    
      11     41     24     37     38     67     31     27     23     59      5     13     23     31     34     63     32     66     46     40      9     28     17     27     56     50     36     45     18     47     43     60     37     21     19     42      0     28     32     48     57     11    
      18     35     24     65     61     48     59     17     33     52     33     38     48     55     61     50     60     41     53     43     29     29     21     48     34     22     39     59     26     42     17     41     16     40     44     36     28      0     35     49     81     18    
      26     13     50     57     68     45     46     18      9     28     32     27     53     35     61     34     50     75     77     69     40     55     17     59     38     50      5     26     47     15     36     76     51     20     30     67     32     35      0     77     56     26    
      50     82     26     67     42     97     69     63     70    100     51     60     42     76     53    100     66     54     10      8     39     21     60     32     83     61     82     93     30     88     64     38     38     69     64     15     48     49     77      0     99     50    
      63     68     80     37     65     99     30     70     51     75     51     44     57     26     52     85     34    122     94     92     63     84     61     68     94    102     54     34     74     67     90    117     94     41     38     98     57     81     56     99      0     63    
       0     33     24     48     48     57     40     17     20     51     16     19     34     37     45     53     42     58     51     42     16     29      9     36     45     40     31     45     20     39     32     54     30     23     26     41     11     18     26     50     63      0   
 
      29     58     33     21     22     86     20     45     37     75     14     20      8     29     15     79     18     80     43     41     17     35     35     18     74     68     50     50     26     62     61     71     51     29     19     48     18     46     46     48     51     29    
      60     93     43     51     23    115     59     77     76    112     52     60     33     70     36    114     54     83     20     29     44     40     69     25    102     85     89     92     41     99     84     68     62     70     61     43     52     68     84     30     88     60    
      55     88     34     57     30    107     62     70     72    106     50     59     35     72     42    107     58     70      7     17     40     30     64     25     94     74     85     92     34     94     75     55     51     68     62     31     49     59     80     17     93     55    
      43     57     35     87     76     57     82     42     59     72     57     63     66     81     79     67     83     15     56     45     48     36     47     62     44     16     64     85     40     64     28     19     14     66     69     32     51     26     60     47    107     43    
      39     19     63     61     76     49     49     31     19     24     42     34     62     35     67     34     54     88     89     81     51     68     30     69     45     62      8     17     59     16     48     89     64     25     36     80     43     48     13     89     51     39    
      56     89     36     58     30    108     63     72     74    108     51     60     36     73     42    109     59     72      8     18     41     31     65     26     95     75     86     93     36     95     77     56     53     70     63     32     50     60     82     18     93     56    
      38     71     21     45     22     92     47     54     55     90     33     42     20     55     31     91     44     66     16     15     22     19     47     10     79     63     68     75     19     77     62     52     41     51     45     27     31     45     63     22     78     38   
18   15   22   19   30   24   30   20   30   
28   19   26   27   30   25   19   19   20   24   
30   21   23   26   15   25   22   30   30   21   
19   24   24   25   20   15   29   20   19   30   
16   
        73   155         62   128        330   410         48   113        335   393        129   199        127   187        192   258        179   249     
    63   135        332   418        152   234         37   97        342   405        103   189         42   87        195   269         72   132        229   307     
   134   204         29   79        155   229        212   286        137   197        216   294         70   158        324   405        361   430        211   295     
   104   192        336   402        289   369        377   432         26   79        335   409        125   209         18   54         26   82        250   314     
   273   335      

