1 7 40 1 1 480
       0     47     32     60     60     63     44     42     28     56     40     46     13     46     23     47      4     33     46     52     48     42     24     63     38     48     49     51     15     27     31     38     10     56     53     56     25     41     36     39     45      0    
      47      0     34     28     40     55     90     23     50     83     48     37     60     82     68     83     43     56     66     32     69     88     58     39      9     55     92     18     58     72     76     80     36     97     43     62     52     30     81     41     48     47    
      32     34      0     31     28     78     66     47     54     49     60     58     44     49     42     79     30     22     73     58     34     72     27     31     27     22     81     27     33     59     49     51     24     88     65     78     21     10     54     56     17     32    
      60     28     31      0     16     83     98     51     73     75     74     65     73     79     74    104     57     52     91     60     59    102     59     13     29     41    109     10     65     87     80     82     50    116     71     89     52     21     86     68     36     60    
      60     40     28     16      0     94     93     62     79     63     82     76     72     69     69    106     58     43     97     72     47    101     53      5     39     29    110     22     61     87     74     75     51    116     82     99     46     19     79     77     24     60    
      63     55     78     83     94      0     99     32     38    118     25     19     69    110     86     63     60     92     36     23    108     83     87     94     55    100     78     73     78     70     93    100     60     80     12     17     85     79     97     24     95     63    
      44     90     66     98     93     99      0     85     61     51     74     86     32     35     24     50     48     50     69     94     57     24     40     97     81     69     38     92     33     30     18     20     54     45     92     87     46     76     14     77     70     44    
      42     23     47     51     62     32     85      0     32     92     26     14     53     86     66     66     38     65     45     11     79     76     62     62     23     69     77     41     57     61     74     80     34     81     20     38     59     47     79     19     64     42    
      28     50     54     73     79     38     61     32      0     84     13     27     31     74     48     34     27     61     19     36     77     47     53     80     44     74     45     63     42     32     55     62     30     49     31     28     53     60     59     17     70     28    
      56     83     49     75     63    118     51     92     84      0     95    100     56     15     39     92     58     27    100    103     16     72     31     68     75     34     86     74     42     67     37     31     58     93    107    113     33     56     38     94     39     56    
      40     48     60     74     82     25     74     26     13     95      0     16     44     86     61     42     37     71     19     26     87     59     64     83     44     82     56     63     54     45     69     75     38     59     19     17     63     65     72      7     77     40    
      46     37     58     65     76     19     86     14     27    100     16      0     54     93     70     58     43     74     34     10     89     74     69     76     37     81     72     55     61     59     78     84     41     75      7     25     67     60     82     10     75     46    
      13     60     44     73     72     69     32     53     31     56     44     54      0     44     18     38     17     39     44     61     53     29     28     75     51     56     37     65     15     15     24     31     24     44     60     59     31     53     28     46     54     13    
      46     82     49     79     69    110     35     86     74     15     86     93     44      0     26     78     49     27     89     97     24     57     24     73     73     40     71     76     31     53     22     16     51     78    100    102     29     58     23     86     44     46    
      23     68     42     74     69     86     24     66     48     39     61     70     18     26      0     53     27     28     62     76     39     35     17     73     59     47     48     68     10     28      8     14     32     55     76     77     23     52     13     62     47     23    
      47     83     79    104    106     63     50     66     34     92     42     58     38     78     53      0     48     77     27     68     91     26     66    109     77     94     16     94     53     25     56     63     55     17     61     46     70     87     56     49     92     47    
       4     43     30     57     58     60     48     38     27     58     37     43     17     49     27     48      0     34     45     48     49     45     26     61     34     48     52     48     18     30     35     41      7     58     50     55     26     39     40     36     44      4    
      33     56     22     52     43     92     50     65     61     27     71     74     39     27     28     77     34      0     79     76     15     63     12     48     48     18     75     49     24     53     32     32     33     82     81     89      8     31     37     69     19     33    
      46     66     73     91     97     36     69     45     19    100     19     34     44     89     62     27     45     79      0     44     94     49     70     99     62     93     42     81     58     39     68     76     49     44     35     19     71     79     71     26     89     46    
      52     32     58     60     72     23     94     11     36    103     26     10     61     97     76     68     48     76     44      0     91     83     73     71     33     81     81     50     67     68     84     90     45     85     12     33     70     58     88     19     75     52    
      48     69     34     59     47    108     57     79     77     16     87     89     53     24     39     91     49     15     94     91      0     74     25     52     61     18     87     58     38     66     39     36     48     94     96    104     23     40     43     85     23     48    
      42     88     72    102    101     83     24     76     47     72     59     74     29     57     35     26     45     63     49     83     74      0     51    104     80     82     14     94     40     15     35     41     53     21     78     68     57     82     34     64     81     42    
      24     58     27     59     53     87     40     62     53     31     64     69     28     24     17     66     26     12     70     73     25     51      0     57     49     30     63     54     13     41     21     23     27     70     76     81      6     37     26     63     30     24    
      63     39     31     13      5     94     97     62     80     68     83     76     75     73     73    109     61     48     99     71     52    104     57      0     39     34    113     21     65     90     79     80     54    119     82     99     50     22     84     77     29     63    
      38      9     27     29     39     55     81     23     44     75     44     37     51     73     59     77     34     48     62     33     61     80     49     39      0     48     84     18     49     64     67     71     27     90     43     60     44     25     72     38     42     38    
      48     55     22     41     29    100     69     69     74     34     82     81     56     40     47     94     48     18     93     81     18     82     30     34     48      0     93     42     42     71     50     49     44    100     88     99     25     25     55     78      6     48    
      49     92     81    109    110     78     38     77     45     86     56     72     37     71     48     16     52     75     42     81     87     14     63    113     84     93      0    100     51     22     49     55     59      7     75     61     68     91     48     61     92     49    
      51     18     27     10     22     73     92     41     63     74     63     55     65     76     68     94     48     49     81     50     58     94     54     21     18     42    100      0     58     79     75     77     41    106     61     79     48     18     80     57     36     51    
      15     58     33     65     61     78     33     57     42     42     54     61     15     31     10     53     18     24     58     67     38     40     13     65     49     42     51     58      0     29     18     23     22     58     68     71     17     44     23     54     41     15    
      27     72     59     87     87     70     30     61     32     67     45     59     15     53     28     25     30     53     39     68     66     15     41     90     64     71     22     79     29      0     31     38     37     29     64     57     46     68     32     49     69     27    
      31     76     49     80     74     93     18     74     55     37     69     78     24     22      8     56     35     32     68     84     39     35     21     79     67     50     49     75     18     31      0      7     40     56     84     84     28     59      5     70     51     31    
      38     80     51     82     75    100     20     80     62     31     75     84     31     16     14     63     41     32     76     90     36     41     23     80     71     49     55     77     23     38      7      0     45     62     91     91     30     61      7     76     51     38    
      10     36     24     50     51     60     54     34     30     58     38     41     24     51     32     55      7     33     49     45     48     53     27     54     27     44     59     41     22     37     40     45      0     65     48     56     25     32     45     36     40     10    
      56     97     88    116    116     80     45     81     49     93     59     75     44     78     55     17     58     82     44     85     94     21     70    119     90    100      7    106     58     29     56     62     65      0     78     63     75     97     55     65     99     56    
      53     43     65     71     82     12     92     20     31    107     19      7     60    100     76     61     50     81     35     12     96     78     76     82     43     88     75     61     68     64     84     91     48     78      0     22     74     67     88     14     82     53    
      56     62     78     89     99     17     87     38     28    113     17     25     59    102     77     46     55     89     19     33    104     68     81     99     60     99     61     79     71     57     84     91     56     63     22      0     81     82     87     22     94     56    
      25     52     21     52     46     85     46     59     53     33     63     67     31     29     23     70     26      8     71     70     23     57      6     50     44     25     68     48     17     46     28     30     25     75     74     81      0     31     33     62     24     25    
      41     30     10     21     19     79     76     47     60     56     65     60     53     58     52     87     39     31     79     58     40     82     37     22     25     25     91     18     44     68     59     61     32     97     67     82     31      0     64     60     18     41    
      36     81     54     86     79     97     14     79     59     38     72     82     28     23     13     56     40     37     71     88     43     34     26     84     72     55     48     80     23     32      5      7     45     55     88     87     33     64      0     73     56     36    
      39     41     56     68     77     24     77     19     17     94      7     10     46     86     62     49     36     69     26     19     85     64     63     77     38     78     61     57     54     49     70     76     36     65     14     22     62     60     73      0     73     39    
      45     48     17     36     24     95     70     64     70     39     77     75     54     44     47     92     44     19     89     75     23     81     30     29     42      6     92     36     41     69     51     51     40     99     82     94     24     18     56     73      0     45    
       0     47     32     60     60     63     44     42     28     56     40     46     13     46     23     47      4     33     46     52     48     42     24     63     38     48     49     51     15     27     31     38     10     56     53     56     25     41     36     39     45      0   
   
      36     65     65     87     92     46     56     47     15     88     24     40     32     76     50     18     36     69     13     50     84     37     59     94     59     84     32     77     46     26     55     62     41     35     43     31     61     73     57     30     80     36    
      32     36     49     62     70     31     72     17     15     87     12     14     40     79     56     49     29     61     29     22     77     61     55     71     32     71     60     51     47     46     64     70     28     65     20     29     54     53     67      7     65     32    
      31     60     28     58     50     93     43     67     60     25     70     75     35     21     22     73     33      7     77     78     18     57      7     55     52     25     69     55     20     48     25     25     33     77     82     88      8     37     29     69     26     31    
      43     20     18     16     23     72     82     39     57     66     59     53     56     67     58     87     40     40     75     50     51     85     45     23     16     35     92      9     49     70     65     68     33     99     59     76     39     10     71     54     29     43    
      32     74     65     91     93     65     38     60     29     76     41     56     22     63     37     16     35     61     31     65     75     18     50     96     66     79     18     82     37      9     41     48     41     24     60     50     54     74     42     46     76     32    
      11     41     35     59     62     52     53     32     19     66     29     35     21     58     34     45      8     42     38     41     58     47     35     64     33     55     51     49     26     31     42     49     11     57     42     46     34     43     47     28     51     11    
      50     90     83    109    111     73     45     74     42     91     52     68     39     76     52     10     53     78     37     78     91     20     66    114     83     96      7    100     54     25     54     60     59      7     70     56     71     92     53     58     94     50   
   29   23   30   20   24   20   24   23   30   
24   28   15   16   25   29   21   17   16   18   
20   26   28   21   27   25   30   22   15   29   
27   21   22   28   30   27   29   29   19   18   
19  
 153   231        230   296         60   132         78   158         63   115        286   354        214   276        294   378        382   394     
   311   387        306   390         29   115        371   418        313   385        375   404         67   139        406   430        346   418         57   119     
   158   238        171   257         82   158        229   305        318   380        170   256        233   317        127   201        237   309        357   424     
   378   422        169   233        190   268         56   98        306   366        234   296        291   371         41   110        171   257         39   100     
   319   397    
