1 5 30 1 1 480
       0     47     19     38     26     40     45     52     51     49     33     24     48     48     60     32     45     36      6     52     41     43     39     47     54      9     65     58     45     43     69      0    
      47      0     30     68     36     85     46     76     24     12     60     62     87     26    105     69     90     81     45     30     75     70     78     39     11     42     97     90     54     82     38     47    
      19     30      0     53     28     59     48     65     42     30     46     32     66     41     74     49     60     51     20     33     58     43     57     30     40     12     81     75     35     52     60     19    
      38     68     53      0     31     31     32     15     57     75      7     59     23     52     76     10     64     57     33     85      9     79     16     83     69     48     29     22     84     73     68     38    
      26     36     28     31      0     52     20     40     28     44     24     51     52     24     84     34     70     61     21     56     39     68     43     58     38     31     61     54     64     70     44     26    
      40     85     59     31     52      0     61     42     81     88     35     48     16     76     47     21     39     34     40     92     24     66     15     86     89     49     36     34     80     53     95     40    
      45     46     48     32     20     61      0     33     27     57     26     70     55     22    100     40     87     78     39     72     41     87     48     76     43     51     58     51     83     89     36     45    
      52     76     65     15     40     42     33      0     60     85     19     74     29     55     89     25     78     71     47     96     18     94     27     96     75     62     25     18     98     88     69     52    
      51     24     42     57     28     81     27     60      0     36     50     73     79      5    111     61     97     88     47     53     66     86     70     62     16     52     85     77     74     93     18     51    
      49     12     30     75     44     88     57     85     36      0     68     59     93     39    103     75     89     80     48     18     82     64     83     29     23     42    105     98     45     78     50     49    
      33     60     46      7     24     35     26     19     50     68      0     56     29     45     77     13     65     56     28     78     16     75     21     77     61     42     37     29     79     71     62     33    
      24     62     32     59     51     48     70     74     73     59     56      0     61     71     43     50     30     23     30     55     59     19     54     44     72     21     81     76     33     20     91     24    
      48     87     66     23     52     16     55     29     79     93     29     61      0     74     63     18     55     50     46    100     13     80      9     95     90     58     20     18     91     68     91     48    
      48     26     41     52     24     76     22     55      5     39     45     71     74      0    108     57     94     84     43     56     61     85     65     63     20     49     79     72     74     91     20     48    
      60    105     74     76     84     47    100     89    111    103     77     43     63    108      0     65     14     23     64     98     71     48     62     86    113     62     83     81     72     28    128     60    
      32     69     49     10     34     21     40     25     61     75     13     50     18     57     65      0     53     46     29     83      9     70      9     79     72     42     32     26     78     63     75     32    
      45     90     60     64     70     39     87     78     97     89     65     30     55     94     14     53      0      9     50     85     60     39     52     74     99     47     75     73     61     19    114     45    
      36     81     51     57     61     34     78     71     88     80     56     23     50     84     23     46      9      0     41     78     54     35     46     67     90     39     70     67     55     19    105     36    
       6     45     20     33     21     40     39     47     47     48     28     30     46     43     64     29     50     41      0     54     38     49     36     50     51     14     61     55     50     49     64      6    
      52     30     33     85     56     92     72     96     53     18     78     55    100     56     98     83     85     78     54      0     91     54     90     14     41     43    114    108     32     71     68     52    
      41     75     58      9     39     24     41     18     66     82     16     59     13     61     71      9     60     54     38     91      0     79      8     88     77     51     23     17     87     71     77     41    
      43     70     43     79     68     66     87     94     86     64     75     19     80     85     48     70     39     35     49     54     79      0     73     40     82     36    100     95     24     20    104     43    
      39     78     57     16     43     15     48     27     70     83     21     54      9     65     62      9     52     46     36     90      8     73      0     86     81     49     26     22     83     63     83     39    
      47     39     30     83     58     86     76     96     62     29     77     44     95     63     86     79     74     67     50     14     88     40     86      0     51     37    111    105     17     59     77     47    
      54     11     40     69     38     89     43     75     16     23     61     72     90     20    113     72     99     90     51     41     77     82     81     51      0     51     98     90     66     92     27     54    
       9     42     12     48     31     49     51     62     52     42     42     21     58     49     62     42     47     39     14     43     51     36     49     37     51      0     74     68     36     41     70      9    
      65     97     81     29     61     36     58     25     85    105     37     81     20     79     83     32     75     70     61    114     23    100     26    111     98     74      0      7    110     89     94     65    
      58     90     75     22     54     34     51     18     77     98     29     76     18     72     81     26     73     67     55    108     17     95     22    105     90     68      7      0    104     85     87     58    
      45     54     35     84     64     80     83     98     74     45     79     33     91     74     72     78     61     55     50     32     87     24     83     17     66     36    110    104      0     44     91     45    
      43     82     52     73     70     53     89     88     93     78     71     20     68     91     28     63     19     19     49     71     71     20     63     59     92     41     89     85     44      0    111     43    
      69     38     60     68     44     95     36     69     18     50     62     91     91     20    128     75    114    105     64     68     77    104     83     77     27     70     94     87     91    111      0     69    
       0     47     19     38     26     40     45     52     51     49     33     24     48     48     60     32     45     36      6     52     41     43     39     47     54      9     65     58     45     43     69      0   
  
      20     47     31     22     13     39     27     34     42     54     15     44     39     38     73     21     59     50     14     63     28     63     30     61     51     28     51     44     64     61     57     20    
      43     46     29     81     58     80     77     94     66     36     75     35     90     67     77     75     65     58     47     23     85     31     82      9     57     33    108    102      8     49     83     43    
      43     33     40     42     16     67     13     45     15     44     35     67     64     10    101     47     87     78     37     60     51     82     56     65     29     46     69     62     75     86     28     43    
      15     62     34     38     38     28     55     53     66     64     36     21     39     62     45     28     31     22     18     65     37     41     32     58     70     22     59     54     52     35     83     15    
      49     84     54     81     75     62     95     96     97     78     79     24     78     95     34     71     28     28     55     69     79     15     72     56     94     45     98     94     39      9    115     49   
  19   19   22   21   20   23   24   17   27   
23   18   28   21   27   19   19   20   19   15   
23   30   18   15   29   28   30   28   28   27   
18        
228   306        181   257        359   420        182   266        281   355        225   307         56   138        151   213        320   388     
   122   210        364   438         55   141         48   113        103   169        276   344        338   410        315   375        226   314         52   92     
   365   416        231   303        331   407         83   147        191   257        293   363         65   70        223   289        296   374        349   410     
   307   387       
