1 9 50 1 1 480
       0     45     62     41     42     30     64     16     46     37     46     24     44     45     49     18     14     30     33     42     50     10     20     47     47     47     50     38     60     39     61     55     62     51     48     39     57     51     54     38     50     36     43     16     29     39     41     30     23     64     50      0    
      45      0     19     81     50     27     27     45     11     19     25     60     84     50     72     47     50     76     52     57     10     37     29     76      9     35     86     83    104     74     88     86     84     40     84      6     22     69     65     38     58     29     71     36     16     75     86     20     51     66     95     45    
      62     19      0     92     53     47     10     64     16     26     43     71    103     69     91     58     69     92     72     77     11     55     48     96     26     33     95    100    121     93     94     93     87     37    103     23     10     89     84     42     77     34     79     49     33     84    102     32     61     84    111     62    
      41     81     92      0     46     72     91     55     77     66     87     21     56     85     79     34     50     27     71     79     82     51     61     73     86     65     11     40     54     62     30     22     38     66     67     75     84     85     91     53     89     58     21     45     65     10     28     61     31    102     32     41    
      42     50     53     46      0     58     48     56     40     30     68     30     83     81     90     24     56     60     73     81     46     45     49     89     58     20     45     73     92     81     41     40     34     19     90     45     43     92     93     11     88     21     28     27     39     36     67     32     21    100     74     42    
      30     27     47     72     58      0     53     21     35     34     16     53     60     25     44     42     28     58     25     30     36     20     10     49     23     51     79     62     81     48     88     83     87     57     58     24     47     42     40     48     33     40     69     32     20     69     68     28     47     43     77     30    
      64     27     10     91     48     53      0     68     19     26     52     70    107     77     98     57     73     93     79     84     17     58     53    102     35     28     92    103    124     98     89     88     82     30    108     29      7     96     92     38     85     32     75     49     37     82    103     33     59     93    112     64    
      16     45     64     55     56     21     68      0     49     44     36     41     39     29     34     34      7     38     17     26     53     12     15     34     43     58     65     40     60     29     77     71     79     63     39     40     62     36     38     51     34     46     59     29     31     55     48     36     39     48     56     16    
      46     11     16     77     40     35     19     49      0     11     36     55     88     60     79     42     54     76     60     65      6     39     34     83     21     24     80     84    106     79     80     79     75     29     89     11     12     78     75     29     68     20     65     33     18     69     86     16     45     76     95     46    
      37     19     26     66     30     34     26     44     11      0     40     44     81     59     76     31     47     66     57     64     17     33     30     78     27     17     69     76     97     73     70     68     65     23     83     14     19     76     74     19     67      9     54     23     14     58     76      7     34     77     85     37    
      46     25     43     87     68     16     52     36     36     40      0     68     73     27     52     56     43     74     35     37     35     36     26     59     17     58     94     77     96     60    102     98    100     63     69     26     47     48     42     58     35     49     84     46     29     84     84     36     61     41     93     46    
      24     60     71     21     30     53     70     41     55     44     68      0     56     70     71     13     37     30     58     66     61     33     42     67     65     45     26     43     62     57     36     30     38     47     64     54     63     75     78     34     75     38     18     24     44     15     37     40     10     89     45     24    
      44     84    103     56     83     60    107     39     88     81     73     56      0     53     33     59     34     28     39     43     92     48     55     24     83     91     67     15     24     15     86     78     91     95     12     79    100     41     50     82     53     80     71     60     70     62     30     73     61     64     33     44    
      45     50     69     85     81     25     77     29     60     59     27     70     53      0     26     62     34     64     15     11     60     37     32     34     43     77     94     62     77     39    106    100    107     82     46     49     72     20     15     73      8     65     88     54     45     85     73     53     67     19     80     45    
      49     72     91     79     90     44     98     34     79     76     52     71     33     26      0     68     34     54     19     15     81     46     46     10     67     92     90     46     57     19    106     99    110     97     23     69     92      8     17     85     21     80     89     63     62     83     60     69     72     31     65     49    
      18     47     58     34     24     42     57     34     42     31     56     13     59     62     68      0     33     38     52     60     48     24     32     65     52     34     39     50     70     57     45     41     45     37     66     41     51     70     73     23     68     25     27     11     31     28     46     27      5     81     55     18    
      14     50     69     50     56     28     73      7     54     47     43     37     34     34     34     33      0     31     21     29     58     14     21     33     50     60     60     33     53     25     73     67     76     64     36     45     66     38     41     52     39     48     55     30     36     50     41     40     37     52     49     14    
      30     76     92     27     60     58     93     38     76     66     74     30     28     64     54     38     31      0     49     56     81     39     49     46     78     72     38     14     32     35     57     49     63     75     39     70     86     60     67     61     66     62     44     43     59     34     10     60     38     80     19     30    
      33     52     72     71     73     25     79     17     60     57     35     58     39     15     19     52     21     49      0      8     62     28     27     24     48     73     81     47     63     25     94     88     96     78     34     49     72     19     20     67     18     61     76     46     43     72     58     50     56     31     65     33    
      42     57     77     79     81     30     84     26     65     64     37     66     43     11     15     60     29     56      8      0     67     36     34     23     51     80     89     52     67     28    103     96    105     85     35     55     78     12     12     74     10     68     85     54     50     80     64     57     65     23     71     42    
      50     10     11     82     46     36     17     53      6     17     35     61     92     60     81     48     58     81     62     67      0     43     37     85     18     29     86     89    110     82     86     85     81     33     92     12     12     79     75     34     68     26     71     38     21     75     91     21     51     76    100     50    
      10     37     55     51     45     20     58     12     39     33     36     33     48     37     46     24     14     39     28     36     43      0     10     46     38     46     59     46     67     40     69     64     70     51     50     32     51     47     48     39     44     34     51     17     21     49     50     25     29     57     59     10    
      20     29     48     61     49     10     53     15     34     30     26     42     55     32     46     32     21     49     27     34     37     10      0     48     29     46     68     54     75     44     77     72     77     51     55     25     47     46     45     41     39     34     59     22     16     58     59     23     37     51     68     20    
      47     76     96     73     89     49    102     34     83     78     59     67     24     34     10     65     33     46     24     23     85     46     48      0     72     92     84     37     47     11    101     94    105     97     13     72     95     18     27     85     31     80     85     63     65     77     52     71     69     41     56     47    
      47      9     26     86     58     23     35     43     21     27     17     65     83     43     67     52     50     78     48     51     18     38     29     72      0     44     91     83    104     71     95     92     92     49     81     13     30     63     58     46     51     37     78     41     21     80     88     26     56     58     97     47    
      47     35     33     65     20     51     28     58     24     17     58     45     91     77     92     34     60     72     73     80     29     46     46     92     44      0     65     84    105     86     61     61     54      5     96     32     23     92     91     11     84     12     48     31     31     55     81     23     35     95     89     47    
      50     86     95     11     45     79     92     65     80     69     94     26     67     94     90     39     60     38     81     89     86     59     68     84     91     65      0     51     64     73     20     12     28     65     78     80     86     96    101     54     99     61     17     50     70     11     38     66     35    112     42     50    
      38     83    100     40     73     62    103     40     84     76     77     43     15     62     46     50     33     14     47     52     89     46     54     37     83     84     51      0     21     26     71     63     77     87     28     78     96     53     61     73     62     73     58     54     67     48     14     69     51     75     19     38    
      60    104    121     54     92     81    124     60    106     97     96     62     24     77     57     70     53     32     63     67    110     67     75     47    104    105     64     21      0     39     84     76     92    108     34     99    117     65     74     94     77     94     74     75     88     63     26     90     71     88     22     60    
      39     74     93     62     81     48     98     29     79     73     60     57     15     39     19     57     25     35     25     28     82     40     44     11     71     86     73     26     39      0     90     83     95     90     10     69     91     27     35     77     38     74     74     55     61     67     41     65     60     49     46     39    
      61     88     94     30     41     88     89     77     80     70    102     36     86    106    106     45     73     57     94    103     86     69     77    101     95     61     20     71     84     90      0      8     10     59     96     83     84    111    115     52    112     60     18     56     75     23     58     68     40    125     62     61    
      55     86     93     22     40     83     88     71     79     68     98     30     78    100     99     41     67     49     88     96     85     64     72     94     92     61     12     63     76     83      8      0     17     60     89     80     83    104    108     51    106     59     14     52     71     16     50     66     36    119     54     55    
      62     84     87     38     34     87     82     79     75     65    100     38     91    107    110     45     76     63     96    105     81     70     77    105     92     54     28     77     92     95     10     17      0     52    102     79     77    114    117     46    113     55     20     54     72     29     66     65     40    126     70     62    
      51     40     37     66     19     57     30     63     29     23     63     47     95     82     97     37     64     75     78     85     33     51     51     97     49      5     65     87    108     90     59     60     52      0    100     37     26     97     96     13     90     17     47     35     36     56     84     28     37    100     92     51    
      48     84    103     67     90     58    108     39     89     83     69     64     12     46     23     66     36     39     34     35     92     50     55     13     81     96     78     28     34     10     96     89    102    100      0     80    102     31     40     87     44     84     81     65     71     73     43     76     69     54     46     48    
      39      6     23     75     45     24     29     40     11     14     26     54     79     49     69     41     45     70     49     55     12     32     25     72     13     32     80     78     99     69     83     80     79     37     80      0     23     67     64     33     57     24     66     30     10     69     80     14     45     65     89     39    
      57     22     10     84     43     47      7     62     12     19     47     63    100     72     92     51     66     86     72     78     12     51     47     95     30     23     86     96    117     91     84     83     77     26    102     23      0     90     87     32     80     25     69     42     30     75     96     26     53     88    105     57    
      51     69     89     85     92     42     96     36     78     76     48     75     41     20      8     70     38     60     19     12     79     47     46     18     63     92     96     53     65     27    111    104    114     97     31     67     90      0      9     86     15     80     93     65     62     88     67     69     75     23     73     51    
      54     65     84     91     93     40     92     38     75     74     42     78     50     15     17     73     41     67     20     12     75     48     45     27     58     91    101     61     74     35    115    108    117     96     40     64     87      9      0     86      7     79     97     66     60     92     74     67     77     14     80     54    
      38     38     42     53     11     48     38     51     29     19     58     34     82     73     85     23     52     61     67     74     34     39     41     85     46     11     54     73     94     77     52     51     46     13     87     33     32     86     86      0     80      9     37     22     29     44     70     21     24     92     78     38    
      50     58     77     89     88     33     85     34     68     67     35     75     53      8     21     68     39     66     18     10     68     44     39     31     51     84     99     62     77     38    112    106    113     90     44     57     80     15      7     80      0     73     94     61     53     90     75     61     73     13     82     50    
      36     29     34     58     21     40     32     46     20      9     49     38     80     65     80     25     48     62     61     68     26     34     34     80     37     12     61     73     94     74     60     59     55     17     84     24     25     80     79      9     73      0     45     19     20     50     72     12     27     84     80     36    
      43     71     79     21     28     69     75     59     65     54     84     18     71     88     89     27     55     44     76     85     71     51     59     85     78     48     17     58     74     74     18     14     20     47     81     66     69     93     97     37     94     45      0     38     57     10     47     51     22    107     53     43    
      16     36     49     45     27     32     49     29     33     23     46     24     60     54     63     11     30     43     46     54     38     17     22     63     41     31     50     54     75     55     56     52     54     35     65     30     42     65     66     22     61     19     38      0     20     39     53     17     15     73     62     16    
      29     16     33     65     39     20     37     31     18     14     29     44     70     45     62     31     36     59     43     50     21     21     16     65     21     31     70     67     88     61     75     71     72     36     71     10     30     62     60     29     53     20     57     20      0     59     70      8     35     64     79     29    
      39     75     84     10     36     69     82     55     69     58     84     15     62     85     83     28     50     34     72     80     75     49     58     77     80     55     11     48     63     67     23     16     29     56     73     69     75     88     92     44     90     50     10     39     59      0     37     55     24    103     42     39    
      41     86    102     28     67     68    103     48     86     76     84     37     30     73     60     46     41     10     58     64     91     50     59     52     88     81     38     14     26     41     58     50     66     84     43     80     96     67     74     70     75     72     47     53     70     37      0     70     46     88      8     41    
      30     20     32     61     32     28     33     36     16      7     36     40     73     53     69     27     40     60     50     57     21     25     23     71     26     23     66     69     90     65     68     66     65     28     76     14     26     69     67     21     61     12     51     17      8     55     70      0     31     72     79     30    
      23     51     61     31     21     47     59     39     45     34     61     10     61     67     72      5     37     38     56     65     51     29     37     69     56     35     35     51     71     60     40     36     40     37     69     45     53     75     77     24     73     27     22     15     35     24     46     31      0     86     54     23    
      64     66     84    102    100     43     93     48     76     77     41     89     64     19     31     81     52     80     31     23     76     57     51     41     58     95    112     75     88     49    125    119    126    100     54     65     88     23     14     92     13     84    107     73     64    103     88     72     86      0     94     64    
      50     95    111     32     74     77    112     56     95     85     93     45     33     80     65     55     49     19     65     71    100     59     68     56     97     89     42     19     22     46     62     54     70     92     46     89    105     73     80     78     82     80     53     62     79     42      8     79     54     94      0     50    
       0     45     62     41     42     30     64     16     46     37     46     24     44     45     49     18     14     30     33     42     50     10     20     47     47     47     50     38     60     39     61     55     62     51     48     39     57     51     54     38     50     36     43     16     29     39     41     30     23     64     50      0   
 
      23     56     75     57     65     30     80     11     60     55     44     45     29     29     25     42      9     34     14     22     64     22     26     24     53     68     67     33     51     18     82     75     84     73     28     51     73     29     34     61     32     56     64     39     42     58     43     47     46     46     51     23    
      46     67     86     79     87     39     93     31     74     72     47     69     37     20      5     65     32     54     15     10     76     42     42     14     61     88     90     48     61     22    105     98    108     93     27     64     87      5     13     81     16     76     88     60     58     82     62     65     69     27     68     46    
      36     44     64     76     72     18     71     20     53     52     25     61     49      9     27     53     26     56     10     12     54     28     23     33     39     69     85     56     73     35     97     91     98     74     44     42     65     24     22     64     16     57     79     45     38     76     66     45     58     28     74     36    
      30     57     77     64     72     31     83     16     64     59     43     53     31     24     18     49     16     41      9     15     66     28     29     18     54     74     75     38     54     17     89     82     92     79     26     54     76     21     26     67     25     62     72     45     46     66     49     52     53     38     56     30    
      51      7     19     88     56     30     28     49     17     26     24     67     89     50     74     54     55     82     55     59     13     42     34     79      7     41     93     88    109     77     95     93     91     46     87     13     24     70     66     45     58     35     78     43     23     82     92     27     58     65    101     51    
       9     37     53     46     36     26     55     20     37     28     41     26     53     46     54     16     21     39     37     45     41      8     16     54     40     39     53     48     69     47     61     56     61     43     57     31     48     56     57     31     53     27     43      9     20     42     49     21     21     65     58      9    
      50     94    111     48     83     72    114     50     96     87     86     54     16     69     50     61     43     24     54     59    100     57     65     40     94     95     58     11     10     31     78     70     86     98     28     89    107     58     66     85     69     85     67     65     78     57     20     80     62     80     19     50    
      49     17     15     77     38     41     14     54      6     12     42     56     92     66     85     43     58     79     65     71      9     44     39     88     26     20     80     88    109     84     79     78     73     24     94     17      7     83     81     27     74     19     64     35     22     69     88     19     46     82     97     49    
      30     72     84     11     43     61     84     44     68     58     76     14     48     73     69     26     39     20     60     68     74     40     50     63     76     59     21     34     50     52     38     30     43     61     58     66     77     74     80     48     78     51     24     36     55     14     24     53     24     91     31     30   
   24   15   26   18   30   28   18   27   22   
25   15   30   25   21   16   19   16   21   27   
26   27   18   25   20   30   22   23   24   30   
18   23   16   24   26   29   25   26   23   19   
23   24   21   21   30   25   19   21   26   24   
22  
     45   51        126   214        227   303         97   185        100   162         64   120        314   394        270   354        242   330     
    46   115        346   420        212   294        192   264         60   132        255   327        191   275        228   290        363   426        321   395     
   204   274        195   283         98   174         48   126        280   358         47   110         50   106        334   418         69   131        206   266     
    61   128        287   361        293   357         51   101        315   379        226   294        332   398        126   200        254   328         47   111     
    50   104        164   236        217   305        188   250        185   267        229   289        345   420        102   162        387   431        176   256     
   114   202          

