1 5 30 1 1 480
 0     49      8     36     42     34     39     44     21     38     33     20     32     50     55     33     32     32     47     57     13     51     48     30     29     26     44     55     44     47     52      0    
 49      0     47     79      6     81     59     42     58     12     74     67     70     76    104     62     19     32     93    106     53     71     53     56     39     43     81     87     90     50    101     49    
 8     47      0     43     41     41     48     36     15     36     41     20     40     59     57     42     33     37     54     61      7     43     55     38     22     17     53     64     43     38     53      8    
 36     79     43      0     72     10     34     80     50     71      5     35     10     31     43     24     59     51     14     36     45     80     49     27     65     61     14     27     49     82     44     36    
 42      6     41     72      0     74     53     40     53      8     68     61     64     70     98     56     13     26     86    100     47     68     48     50     35     38     74     81     84     48     94     42    
 34     81     41     10     74      0     43     77     44     72     14     28     19     41     33     32     62     55     13     28     41     73     57     34     63     58     24     37     39     77     34     34    
 39     59     48     34     53     43      0     78     61     55     29     54     23     17     76     10     40     27     48     70     53     91     15     10     64     62     27     28     76     83     75     39    
 44     42     36     80     40     77     78      0     35     32     78     51     76     92     86     75     44     56     90     94     36     31     80     70     14     19     89     99     66      8     81     44    
 21     58     15     50     53     44     61     35      0     46     49     17     50     71     52     55     47     52     57     59      8     30     70     51     23     18     62     74     33     34     46     21    
 38     12     36     71      8     72     55     32     46      0     67     56     63     72     93     57     15     29     84     96     41     60     53     51     27     31     75     82     79     40     89     38    
 33     74     41      5     68     14     29     78     49     67      0     36      5     27     47     19     55     46     19     41     44     80     44     22     63     59     12     25     51     80     48     33    
 20     67     20     35     61     28     54     51     17     56     36      0     38     60     37     45     52     52     40     42     16     45     66     44     38     33     48     61     24     51     33     20    
 32     70     40     10     64     19     23     76     50     63      5     38      0     23     52     13     50     41     25     47     44     80     38     16     61     58     12     24     55     79     53     32    
 50     76     59     31     70     41     17     92     71     72     27     60     23      0     74     17     57     44     41     65     64    101     28     22     78     76     18     13     79     96     75     50    
 55    104     57     43     98     33     76     86     52     93     47     37     52     74      0     65     87     84     33     13     53     71     90     67     75     69     56     67     23     84      6     55    
 33     62     42     24     56     32     10     75     55     57     19     45     13     17     65      0     43     31     38     60     47     85     25      6     61     58     19     25     66     79     65     33    
 32     19     33     59     13     62     40     44     47     15     55     52     50     57     87     43      0     14     73     88     39     67     38     37     34     36     61     68     76     51     84     32    
 32     32     37     51     26     55     27     56     52     29     46     52     41     44     84     31     14      0     65     83     44     76     24     25     45     45     50     55     77     63     82     32    
 47     93     54     14     86     13     48     90     57     84     19     40     25     41     33     38     73     65      0     24     54     85     63     42     76     71     23     34     46     90     36     47    
 57    106     61     36    100     28     70     94     59     96     41     42     47     65     13     60     88     83     24      0     59     81     85     63     81     75     47     58     34     92     18     57    
 13     53      7     45     47     41     53     36      8     41     44     16     44     64     53     47     39     44     54     59      0     37     62     43     22     17     56     68     37     36     49     13    
 51     71     43     80     68     73     91     31     30     60     80     45     80    101     71     85     67     76     85     81     37      0     97     81     33     31     92    105     48     23     65     51    
 48     53     55     49     48     57     15     80     70     53     44     66     38     28     90     25     38     24     63     85     62     97      0     23     68     67     42     41     89     86     90     48    
 30     56     38     27     50     34     10     70     51     51     22     44     16     22     67      6     37     25     42     63     43     81     23      0     56     54     25     31     66     74     66     30    
 29     39     22     65     35     63     64     14     23     27     63     38     61     78     75     61     34     45     76     81     22     33     68     56      0      5     74     85     57     18     70     29    
 26     43     17     61     38     58     62     19     18     31     59     33     58     76     69     58     36     45     71     75     17     31     67     54      5      0     70     81     51     21     64     26    
 44     81     53     14     74     24     27     89     62     75     12     48     12     18     56     19     61     50     23     47     56     92     42     25     74     70      0     13     63     91     57     44    
 55     87     64     27     81     37     28     99     74     82     25     61     24     13     67     25     68     55     34     58     68    105     41     31     85     81     13      0     76    102     69     55    
 44     90     43     49     84     39     76     66     33     79     51     24     55     79     23     66     76     77     46     34     37     48     89     66     57     51     63     76      0     63     17     44    
 47     50     38     82     48     77     83      8     34     40     80     51     79     96     84     79     51     63     90     92     36     23     86     74     18     21     91    102     63      0     79     47    
 52    101     53     44     94     34     75     81     46     89     48     33     53     75      6     65     84     82     36     18     49     65     90     66     70     64     57     69     17     79      0     52    
 0     49      8     36     42     34     39     44     21     38     33     20     32     50     55     33     32     32     47     57     13     51     48     30     29     26     44     55     44     47     52      0   

 18     54     26     25     47     29     22     60     39     46     20     32     17     32     59     15     34     26     39     56     32     69     34     12     46     43     29     38     55     64     57     18    
 31     42     37     42     36     48     17     63     52     38     37     50     32     34     79     21     23     10     57     76     44     79     18     15     50     49     40     45     73     68     77     31    
 12     60     13     35     53     30     49     47     15     48     34      8     35     57     44     41     44     45     43     48     11     45     59     38     33     28     47     59     32     47     41     12    
 56     20     58     79     21     84     52     61     71     29     74     77     69     68    112     58     25     28     94    111     64     89     42     53     56     59     78     81    101     69    109     56    
 54     13     51     87     17     88     70     35     59     16     83     71     79     87    108     73     30     43    100    112     55     66     66     67     36     42     91     98     92     43    104     54   


15   16   19   19   29   26   24   17   30   
22   29   30   30   22   19   29   30   17   26   
23   20   15   25   23   23   15   28   28   20   
17

 221   299         65   143        209   279         92   166        292   368        179   241        219   295        111   195        355   412     
   226   298        219   293        372   418         58   144        338   403        169   243        264   338        123   201        362   416         57   101     
   164   228         78   138        320   400        195   267        254   336        142   220        325   391         95   169         44   102         47   96     
   311   373  
