1 5 30 1 1 480
  0     11     36     47     47     41     30     23     47     25     28     25     45     56     63     41     53     51     34     43     65     31     27     14     45     45     18     32     51     60     45      0    
  11      0     24     35     57     46     26     33     58     26     39     36     49     46     66     52     55     39     46     51     54     20     21     19     34     51     29     43     52     65     35     11    
  36     24      0     13     79     62     33     55     81     42     62     61     64     27     76     76     64     15     70     72     31     10     27     40     16     67     52     66     59     80     21     36    
  47     35     13      0     87     67     35     67     89     47     72     72     67     30     88     88     76     14     81     79     29     15     30     52      7     80     64     78     72     93     14     47    
  47     57     79     87      0     27     54     49      8     40     20     33     32    103     96     36     90     95     31     10    110     71     57     56     82     74     43     44     91     86     78     47    
  41     46     62     67     27      0     31     55     35     20     29     43      5     89    102     54     93     78     47     17     93     53     36     54     61     81     47     56     92     96     56     41    
  30     26     33     35     54     31      0     53     59     13     43     50     32     60     92     66     81     47     58     45     63     23      6     44     29     75     47     60     78     90     24     30    
  23     33     55     67     49     55     53      0     45     45     30     16     61     69     47     25     41     68     22     49     80     53     51     15     67     26      7     12     42     40     68     23    
  47     58     81     89      8     35     59     45      0     45     18     29     40    104     90     28     86     97     24     18    112     74     61     54     86     68     39     37     87     80     82     47    
  25     26     42     47     40     20     13     45     45      0     30     38     23     68     88     54     79     57     46     31     73     33     17     39     42     70     38     50     77     85     38     25    
  28     39     62     72     20     29     43     30     18     30      0     15     34     85     77     25     71     78     17     19     93     56     44     36     68     55     23     27     71     69     66     28    
  25     36     61     72     33     43     50     16     29     38     15      0     49     79     62     16     57     75      9     34     89     56     49     26     70     40     10     12     58     54     69     25    
  45     49     64     67     32      5     32     61     40     23     34     49      0     91    107     60     98     79     52     22     95     54     37     59     61     87     53     61     97    101     56     45    
  56     46     27     30    103     89     60     69    104     68     85     79     91      0     73     94     61     15     89     97     12     37     54     54     37     72     70     81     56     81     43     56    
  63     66     76     88     96    102     92     47     90     88     77     62    107     73      0     64     12     81     65     97     85     80     87     48     92     22     55     52     17     15     96     63    
  41     52     76     88     36     54     66     25     28     54     25     16     60     94     64      0     61     91      8     41    104     72     65     39     86     42     24     13     63     52     85     41    
  53     55     64     76     90     93     81     41     86     79     71     57     98     61     12     61      0     69     62     90     73     68     76     39     80     20     48     49      5     22     84     53    
  51     39     15     14     95     78     47     68     97     57     78     75     79     15     81     91     69      0     85     88     15     24     41     52     21     76     66     80     64     88     28     51    
  34     46     70     81     31     47     58     22     24     46     17      9     52     89     65      8     62     85      0     35     98     65     57     35     79     43     19     13     63     55     78     34    
  43     51     72     79     10     17     45     49     18     31     19     34     22     97     97     41     90     88     35      0    103     64     48     54     74     75     42     46     90     89     70     43    
  65     54     31     29    110     93     63     80    112     73     93     89     95     12     85    104     73     15     98    103      0     40     57     64     36     83     79     92     68     93     43     65    
  31     20     10     15     71     53     23     53     74     33     56     56     54     37     80     72     68     24     65     64     40      0     17     39     14     68     49     63     64     82     15     31    
  27     21     27     30     57     36      6     51     61     17     44     49     37     54     87     65     76     41     57     48     57     17      0     40     25     72     45     59     73     86     21     27    
  14     19     40     52     56     54     44     15     54     39     36     26     59     54     48     39     39     52     35     54     64     39     40      0     53     31     15     27     38     46     54     14    
  45     34     16      7     82     61     29     67     86     42     68     70     61     37     92     86     80     21     79     74     36     14     25     53      0     82     63     77     76     95      7     45    
  45     51     67     80     74     81     75     26     68     70     55     40     87     72     22     42     20     76     43     75     83     68     72     31     82      0     33     30     23     15     84     45    
  18     29     52     64     43     47     47      7     39     38     23     10     53     70     55     24     48     66     19     42     79     49     45     15     63     33      0     14     48     48     63     18    
  32     43     66     78     44     56     60     12     37     50     27     12     61     81     52     13     49     80     13     46     92     63     59     27     77     30     14      0     50     42     77     32    
  51     52     59     72     91     92     78     42     87     77     71     58     97     56     17     63      5     64     63     90     68     64     73     38     76     23     48     50      0     27     80     51    
  60     65     80     93     86     96     90     40     80     85     69     54    101     81     15     52     22     88     55     89     93     82     86     46     95     15     48     42     27      0     98     60    
  45     35     21     14     78     56     24     68     82     38     66     69     56     43     96     85     84     28     78     70     43     15     21     54      7     84     63     77     80     98      0     45    
  0     11     36     47     47     41     30     23     47     25     28     25     45     56     63     41     53     51     34     43     65     31     27     14     45     45     18     32     51     60     45      0   

  45     38     35     32     68     42     16     69     73     28     59     66     41     61    104     82     93     46     74     58     61     26     18     58     25     89     62     76     90    104     18     45    
  57     68     93    103     30     56     76     44     21     62     32     32     61    112     83     20     81    108     23     39    121     87     77     58    100     61     42     33     83     70     98     57    
  47     45     47     59     92     89     70     45     89     71     72     60     93     41     32     69     20     50     67     90     53     53     64     36     63     35     49     55     15     41     68     47    
  38     28     14     24     85     72     45     53     86     52     67     62     75     18     65     76     52     17     71     80     27     23     39     37     29     59     52     64     48     71     35     38    
  24     30     50     57     29     17     25     39     33     11     19     29     21     75     85     43     76     66     35     21     81     42     27     37     53     65     31     42     75     79     49     24   
  

27   25   15   18   15   24   22   27   15   
29   24   19   19   28   30   17   22   30   24   
16   25   16   22   15   30   18   30   16   29   
25  

     11   74        227   313        143   203        189   253        199   271        243   313        358   432         47   104         25   111     
    51   133        344   410         45   76        225   307        198   260        192   270        319   399         51   117        177   259        195   257     
   279   359        188   256        259   339        111   183        335   409        241   307         35   115        284   358        217   285         95   163     
   248   326      

